# Created at Wed May 28 21:56:47 GMT+09:00 2025 in Burnaby Canada 
122831146922572 -0.255783 -0.604750 -0.252294 0.710775 -0.019757 0.163981 0.144589 
122831280129410 -0.249011 -0.609236 -0.243409 0.712444 -0.029130 0.167137 0.138867 
122831413388953 -0.233140 -0.606891 -0.235987 0.722246 -0.036855 0.172894 0.134214 
122831546669447 -0.234485 -0.614743 -0.233844 0.715838 -0.040198 0.175019 0.128991 
122831713288055 -0.231701 -0.619937 -0.226907 0.714497 -0.043073 0.176471 0.124633 
122831912260217 -0.224415 -0.624344 -0.223736 0.713985 -0.044643 0.178694 0.123467 
122832045581560 -0.223059 -0.632638 -0.222921 0.707334 -0.044111 0.179046 0.125768 
122832145498632 -0.219161 -0.637592 -0.220540 0.704845 -0.045840 0.179799 0.129688 
122832278757326 -0.213444 -0.657076 -0.222051 0.688030 -0.047677 0.181449 0.139069 
122832345564666 -0.210929 -0.673627 -0.222009 0.672642 -0.048784 0.180960 0.144715 
122832445163756 -0.198187 -0.689581 -0.227341 0.658419 -0.049288 0.182053 0.155251 
122832545155119 -0.183501 -0.713070 -0.233745 0.634998 -0.049389 0.182853 0.165149 
122832645106541 -0.171599 -0.736815 -0.236016 0.609880 -0.049318 0.184145 0.173220 
122832778446083 -0.156459 -0.767851 -0.257813 0.565206 -0.057652 0.179956 0.184453 
122832844961045 -0.151230 -0.788120 -0.271729 0.531187 -0.065584 0.175055 0.193127 
122832911772146 -0.151194 -0.799024 -0.309506 0.492857 -0.074241 0.170143 0.206990 
122833011732146 -0.125470 -0.823080 -0.326544 0.447398 -0.092502 0.165114 0.232370 
122833078476955 -0.104629 -0.840254 -0.324969 0.421214 -0.105240 0.163304 0.248238 
122833145260970 -0.096573 -0.857055 -0.321719 0.390674 -0.117416 0.161928 0.261943 
122833211900970 -0.090258 -0.870365 -0.327142 0.356785 -0.128731 0.161894 0.276014 
122833278534524 -0.079142 -0.882651 -0.326445 0.328781 -0.139139 0.161538 0.289168 
122833345251417 -0.063495 -0.898338 -0.304571 0.310152 -0.152222 0.165937 0.298995 
122833445244264 -0.051965 -0.918687 -0.270413 0.283181 -0.172334 0.170883 0.316652 
122833511884264 -0.059339 -0.933242 -0.260468 0.240196 -0.185105 0.173819 0.331354 
122833578433056 -0.066122 -0.942524 -0.255584 0.204825 -0.195282 0.176505 0.343811 
122833678102007 -0.068819 -0.946861 -0.259006 0.177857 -0.215912 0.179743 0.366069 
122833711339029 -0.067719 -0.947025 -0.258894 0.177570 -0.224037 0.181037 0.376188 
122833811299029 -0.068643 -0.948472 -0.246178 0.187312 -0.248411 0.180838 0.410568 
122833877893418 -0.064948 -0.947808 -0.234607 0.205918 -0.276166 0.181509 0.442285 
122833944530469 -0.058712 -0.944519 -0.228734 0.228291 -0.300674 0.175358 0.483335 
122834011170469 -0.056854 -0.939324 -0.229255 0.248755 -0.336759 0.169608 0.536143 
122834077635860 -0.058342 -0.927060 -0.237302 0.284331 -0.379776 0.163316 0.597982 
122834144335805 -0.056114 -0.918668 -0.217498 0.324953 -0.425506 0.157979 0.662613 
122834177655805 -0.056993 -0.916135 -0.209035 0.337273 -0.448095 0.158451 0.695115 
122834277626817 -0.088041 -0.891101 -0.249224 0.368884 -0.513879 0.171380 0.786682 
122834344266817 -0.091806 -0.883539 -0.262335 0.376977 -0.553762 0.185041 0.835716 
122834411040883 -0.089958 -0.878985 -0.265917 0.385463 -0.587942 0.199669 0.872304 
122834511053111 -0.089932 -0.874840 -0.264837 0.395510 -0.622235 0.218858 0.908403 
122834577858409 -0.095723 -0.877778 -0.267801 0.385519 -0.633792 0.228132 0.921830 
122834677774442 -0.113038 -0.883631 -0.259782 0.372735 -0.635713 0.239444 0.924191 
122834777657196 -0.121183 -0.885632 -0.256961 0.367344 -0.626215 0.244288 0.922393 
122834877530219 -0.124722 -0.895277 -0.257946 0.341157 -0.619631 0.244838 0.929988 
122834977510915 -0.125442 -0.908763 -0.250731 0.309109 -0.614823 0.244339 0.948118 
122835077400875 -0.132788 -0.911909 -0.247474 0.299241 -0.600467 0.242045 0.975688 
122835144040875 -0.134806 -0.909508 -0.245832 0.306902 -0.589851 0.242164 0.996666 
122835210654523 -0.135116 -0.908048 -0.243169 0.313147 -0.576313 0.243717 1.019255 
122835310750306 -0.132350 -0.906821 -0.230549 0.327119 -0.547066 0.245620 1.056058 
122835410666415 -0.127498 -0.905693 -0.215226 0.342260 -0.502753 0.243120 1.094820 
122835510442135 -0.125005 -0.901933 -0.195461 0.364260 -0.445414 0.245353 1.129996 
122835577082135 -0.126027 -0.899095 -0.182872 0.377231 -0.400958 0.248944 1.156570 
122835643702731 -0.131084 -0.892020 -0.177972 0.394262 -0.354055 0.258653 1.179296 
122835710363399 -0.134533 -0.871532 -0.186918 0.432892 -0.307310 0.269982 1.197404 
122835810335665 -0.122804 -0.864070 -0.177880 0.454600 -0.242335 0.289505 1.211805 
122835843613380 -0.117558 -0.861596 -0.169711 0.463713 -0.224377 0.293995 1.214744 
122835943573380 -0.114114 -0.842005 -0.165954 0.500464 -0.171466 0.302382 1.230146 
122835976508528 -0.114685 -0.832816 -0.167802 0.514886 -0.154857 0.302178 1.232562 
122836043197046 -0.118772 -0.818276 -0.173052 0.535136 -0.120293 0.298309 1.238822 
122836143157046 -0.127120 -0.802448 -0.179233 0.554792 -0.061110 0.292509 1.252011 
122836209976273 -0.123243 -0.791471 -0.171339 0.573610 -0.027818 0.289653 1.261730 
122836309808970 -0.118570 -0.780479 -0.165645 0.591063 0.033093 0.291026 1.281355 
122836376615380 -0.107462 -0.775203 -0.155436 0.602787 0.064556 0.291991 1.295035 
122836476566210 -0.111984 -0.771450 -0.159916 0.605600 0.115819 0.304576 1.316683 
122836543206210 -0.100678 -0.762929 -0.143953 0.622158 0.151331 0.309985 1.328489 
122836610915764 -0.110888 -0.750375 -0.147761 0.634671 0.188341 0.308490 1.337941 
122836746142064 -0.117272 -0.745121 -0.158851 0.637030 0.252489 0.306223 1.345232 
122836879716868 -0.128499 -0.744934 -0.160052 0.634780 0.313941 0.296580 1.346236 
122836946356868 -0.128694 -0.748185 -0.159335 0.631086 0.353481 0.292638 1.344311 
122837046269922 -0.127716 -0.750755 -0.160501 0.627929 0.417566 0.287674 1.338588 
122837146173300 -0.127307 -0.755734 -0.169267 0.619684 0.477737 0.290378 1.326190 
122837246138004 -0.123792 -0.755390 -0.169127 0.620852 0.533348 0.296895 1.316309 
122837346107209 -0.114550 -0.757326 -0.172282 0.619399 0.585666 0.296963 1.307553 
122837446956305 -0.126119 -0.751540 -0.182014 0.621412 0.638981 0.294879 1.302090 
122837546891730 -0.125119 -0.748868 -0.185138 0.623912 0.693384 0.292178 1.298646 
122837646768388 -0.124858 -0.744117 -0.184137 0.629915 0.742921 0.287755 1.298049 
122837780035922 -0.122387 -0.734161 -0.183888 0.642040 0.819899 0.278341 1.304608 
122837880027627 -0.123652 -0.727670 -0.184834 0.648878 0.882986 0.277145 1.315214 
122838013261988 -0.124893 -0.725423 -0.186960 0.650546 0.954182 0.284932 1.325239 
122838146569368 -0.137226 -0.714727 -0.186681 0.659913 1.014783 0.284187 1.332841 
122838246493100 -0.137673 -0.714030 -0.188066 0.660180 1.054212 0.280274 1.336067 
122838346543512 -0.146710 -0.715287 -0.191828 0.655777 1.097217 0.275975 1.339862 
122838446569059 -0.149392 -0.720383 -0.191914 0.649537 1.145904 0.269192 1.343311 
122838546568298 -0.151811 -0.725463 -0.188869 0.644193 1.193852 0.265684 1.342124 
122838646527492 -0.153296 -0.726242 -0.193634 0.641544 1.244589 0.266466 1.338864 
122838746509997 -0.151243 -0.734026 -0.190236 0.634146 1.285865 0.270861 1.335509 
122838846475978 -0.147029 -0.738004 -0.189924 0.630605 1.326075 0.272961 1.332220 
122838946466539 -0.140945 -0.739598 -0.193903 0.628913 1.366309 0.272844 1.331077 
122839046412813 -0.146098 -0.735144 -0.200692 0.630825 1.410461 0.268242 1.332840 
122839214020752 -0.145358 -0.730459 -0.206332 0.634608 1.487111 0.257875 1.346266 
122839314046843 -0.143228 -0.723843 -0.202900 0.643715 1.539495 0.249874 1.359820 
122839447443917 -0.130648 -0.716919 -0.192588 0.657166 1.607344 0.250305 1.385573 
122839547428592 -0.134890 -0.713542 -0.198585 0.658200 1.655807 0.259959 1.404625 
122839614068163 -0.123875 -0.707460 -0.187299 0.670131 1.682237 0.265988 1.415378 
122839748271667 -0.134968 -0.698580 -0.186362 0.677524 1.729050 0.268123 1.431455 
122839849360616 -0.128975 -0.691051 -0.189562 0.685478 1.759072 0.266374 1.440876 
122839950239357 -0.131714 -0.687621 -0.191860 0.687764 1.792524 0.262868 1.447473 
122840050192887 -0.131208 -0.689214 -0.193391 0.685835 1.830921 0.258375 1.451453 
122840150117768 -0.131151 -0.692952 -0.188075 0.683553 1.873011 0.254462 1.455421 
122840316767180 -0.130106 -0.702269 -0.180189 0.676330 1.957862 0.253776 1.454844 
122840383395446 -0.132637 -0.706291 -0.178964 0.671962 1.993282 0.258939 1.452832 
122840549999842 -0.121746 -0.719364 -0.165039 0.663668 2.068707 0.275327 1.443138 
122840649974184 -0.118005 -0.724979 -0.160896 0.659236 2.107597 0.279103 1.438156 
122840749816478 -0.120093 -0.724807 -0.164495 0.658159 2.145565 0.282002 1.436223 
122840849782246 -0.118324 -0.727492 -0.161164 0.656339 2.175949 0.284554 1.433825 
122840949708890 -0.117788 -0.729179 -0.160328 0.654767 2.204398 0.286556 1.435020 
122841082984509 -0.108617 -0.726610 -0.151947 0.661175 2.238144 0.288537 1.441545 
122841216246295 -0.097566 -0.722609 -0.143493 0.669124 2.269444 0.289388 1.451245 
122841316172172 -0.096395 -0.716358 -0.134944 0.677738 2.295246 0.292583 1.459866 
122841449401039 -0.089389 -0.712475 -0.124414 0.684770 2.325237 0.299888 1.470887 
122841549333334 -0.088354 -0.706930 -0.120507 0.691319 2.343992 0.303022 1.476954 
122841682566956 -0.086783 -0.703939 -0.116183 0.695298 2.359988 0.305802 1.484393 
122841782491326 -0.085658 -0.704286 -0.114550 0.695358 2.367977 0.306541 1.490225 
122841882420454 -0.086761 -0.703895 -0.112741 0.695912 2.374656 0.305871 1.495171 
122842015699744 -0.085373 -0.705503 -0.112273 0.694530 2.381554 0.305946 1.499400 
122842115663601 -0.087055 -0.706359 -0.111904 0.693510 2.384822 0.305580 1.501579 
122842215625105 -0.088830 -0.706892 -0.110568 0.692955 2.386602 0.305078 1.503325 
122842348906911 -0.088844 -0.706907 -0.110093 0.693014 2.388691 0.305062 1.503969 
122842448867823 -0.088564 -0.707743 -0.110578 0.692119 2.390985 0.304912 1.504093 
122842582144903 -0.089281 -0.708858 -0.112139 0.690633 2.393499 0.304491 1.505294 
122842682109971 -0.088863 -0.709435 -0.112458 0.690042 2.395057 0.304406 1.506149 
122842682109971 -0.088863 -0.709435 -0.112458 0.690042 2.395057 0.304406 1.506149 TAG001 
122842782074996 -0.091169 -0.711340 -0.112873 0.687708 2.397331 0.303589 1.506947 
122842882037884 -0.091902 -0.711666 -0.112039 0.687410 2.399943 0.303283 1.507580 
122843015320930 -0.090574 -0.711225 -0.110616 0.688273 2.404186 0.303893 1.509815 
122843115283131 -0.090407 -0.710152 -0.111670 0.689232 2.409464 0.303803 1.513108 
122843181922152 -0.088778 -0.709803 -0.112154 0.689724 2.413561 0.303683 1.516342 
122843348505844 -0.084950 -0.711343 -0.110950 0.688814 2.429491 0.303388 1.528090 
122843481782868 -0.084556 -0.710008 -0.109307 0.690500 2.447142 0.301606 1.539957 
122843581726805 -0.087456 -0.707587 -0.111056 0.692343 2.463597 0.299779 1.547893 
122843681704635 -0.092824 -0.703398 -0.105177 0.696816 2.480330 0.297397 1.551336 
122843748365792 -0.096074 -0.702732 -0.106047 0.696916 2.494252 0.296377 1.550169 
122843914960312 -0.097364 -0.693589 -0.107873 0.705562 2.531986 0.294226 1.538918 
122844014977130 -0.100193 -0.693254 -0.105055 0.705921 2.559503 0.293219 1.527985 
122844114892843 -0.104329 -0.697033 -0.101044 0.702176 2.592942 0.292132 1.515464 
122844214898322 -0.106915 -0.697785 -0.098447 0.701408 2.630219 0.292146 1.499426 
122844348226784 -0.112109 -0.704554 -0.095865 0.694151 2.684143 0.295948 1.472210 
122844481570442 -0.118026 -0.713310 -0.098746 0.683746 2.734713 0.301331 1.445942 
122844581526921 -0.116344 -0.714578 -0.096566 0.683021 2.765120 0.304992 1.428291 
122844681491924 -0.116371 -0.721997 -0.094842 0.675413 2.791203 0.305400 1.412954 
122844814894401 -0.125193 -0.724194 -0.097394 0.671106 2.815321 0.303527 1.397050 
122844914938587 -0.126877 -0.722755 -0.098962 0.672112 2.831200 0.301647 1.384695 
122845014856437 -0.132641 -0.721860 -0.098528 0.672024 2.846217 0.300322 1.372505 
122845114770934 -0.138056 -0.720318 -0.095406 0.673038 2.866554 0.300322 1.361778 
122845247999242 -0.143465 -0.722696 -0.088594 0.670283 2.894762 0.301337 1.345535 
122845347935790 -0.144593 -0.722608 -0.082086 0.670963 2.920502 0.301986 1.334119 
122845414542359 -0.141858 -0.720701 -0.079081 0.673953 2.939798 0.302579 1.326573 
122845581148235 -0.141355 -0.706693 -0.081567 0.688440 2.993915 0.307738 1.307452 
122845681058028 -0.142721 -0.691404 -0.081684 0.703505 3.020832 0.309186 1.296039 
122845781077851 -0.149127 -0.683651 -0.089470 0.708786 3.044856 0.307567 1.282556 
122845847806613 -0.154587 -0.679851 -0.098736 0.710040 3.056825 0.305495 1.272657 
122845947724818 -0.157279 -0.678053 -0.102029 0.710702 3.075955 0.302383 1.255592 
122846047711949 -0.162942 -0.683553 -0.103042 0.703980 3.096274 0.297455 1.231944 
122846147722648 -0.172106 -0.692276 -0.106935 0.692603 3.119194 0.291229 1.201038 
122846247659071 -0.175976 -0.710790 -0.107133 0.672557 3.141388 0.284879 1.166655 
122846347592335 -0.181378 -0.742530 -0.105030 0.636176 3.162066 0.282296 1.129249 
122846480834635 -0.176963 -0.768701 -0.116262 0.603544 3.184981 0.283842 1.077557 
122846614065754 -0.176973 -0.791348 -0.119263 0.572910 3.201167 0.283630 1.030874 
122846747288071 -0.181728 -0.805874 -0.119902 0.550605 3.217583 0.281752 0.992824 
122846847203301 -0.176782 -0.815838 -0.115984 0.538242 3.230959 0.279236 0.966368 
122846980534569 -0.163953 -0.824735 -0.115727 0.528715 3.251251 0.274616 0.937125 
122847080506312 -0.146798 -0.826519 -0.123683 0.529169 3.268582 0.267430 0.918501 
122847180465590 -0.141040 -0.823575 -0.137828 0.531822 3.290425 0.259824 0.898814 
122847313756897 -0.149826 -0.822099 -0.152905 0.527565 3.313793 0.256229 0.868561 
122847413701308 -0.154086 -0.831646 -0.150693 0.511775 3.328189 0.258128 0.846826 
122847513709871 -0.148997 -0.840286 -0.147101 0.500081 3.338743 0.260475 0.828878 
122847613569266 -0.155156 -0.847060 -0.150615 0.485521 3.350121 0.259328 0.808854 
122847713513130 -0.154156 -0.855158 -0.151107 0.471282 3.350771 0.259395 0.785111 
122847813450079 -0.152423 -0.862490 -0.153166 0.457622 3.346010 0.262057 0.761442 
122847913466074 -0.144804 -0.869573 -0.152358 0.446836 3.340450 0.264091 0.737766 
122848013417295 -0.142367 -0.874020 -0.153525 0.438463 3.333928 0.264595 0.716260 
122848013417295 -0.142367 -0.874020 -0.153525 0.438463 3.333928 0.264595 0.716260 TAG001 
122848113347526 -0.139029 -0.880409 -0.151438 0.427337 3.327989 0.265397 0.696773 
122848246626478 -0.135113 -0.887361 -0.146195 0.415886 3.322679 0.266808 0.674777 
122848346568451 -0.133334 -0.891471 -0.143580 0.408517 3.318635 0.267158 0.660634 
122848479839746 -0.134924 -0.893967 -0.143500 0.402524 3.314813 0.265836 0.641593 
122848546479746 -0.136577 -0.895299 -0.142958 0.399186 3.313307 0.264716 0.631504 
122848646470734 -0.138167 -0.894895 -0.143537 0.399336 3.311846 0.262588 0.615781 
122848746451332 -0.139425 -0.892236 -0.144726 0.404388 3.311896 0.259995 0.597008 
122848846399901 -0.140767 -0.889598 -0.144705 0.409708 3.312855 0.256879 0.575682 
122848913016202 -0.145348 -0.888531 -0.142933 0.411043 3.315091 0.254550 0.562137 
122849013012674 -0.160472 -0.885272 -0.142016 0.412764 3.324478 0.252189 0.541844 
122849112941747 -0.161259 -0.884497 -0.136123 0.416089 3.339283 0.250895 0.519565 
122849212957740 -0.158955 -0.884023 -0.135878 0.418060 3.357096 0.247606 0.500184 
122849312958303 -0.153559 -0.885599 -0.137236 0.416293 3.379079 0.243404 0.483627 
122849446143771 -0.141339 -0.886842 -0.141563 0.416526 3.415725 0.241156 0.461344 
122849545974918 -0.136025 -0.885178 -0.154900 0.417089 3.444294 0.243205 0.441271 
122849612717065 -0.131817 -0.884296 -0.154455 0.420463 3.460238 0.244757 0.427296 
122849745940822 -0.138194 -0.887239 -0.156402 0.411397 3.486422 0.248983 0.398400 
122849879310879 -0.136265 -0.896415 -0.156334 0.391703 3.513072 0.253614 0.370468 
122849979309968 -0.134013 -0.903677 -0.156064 0.375568 3.531339 0.256450 0.348484 
122850079264041 -0.129570 -0.909139 -0.162940 0.360733 3.549501 0.260939 0.326723 
122850179189187 -0.125827 -0.914308 -0.165102 0.347778 3.562677 0.261752 0.305938 
122850279205075 -0.123837 -0.918607 -0.170161 0.334469 3.575224 0.261282 0.289632 
122850379181391 -0.121592 -0.922586 -0.171157 0.323661 3.585559 0.261000 0.276355 
122850512471088 -0.117792 -0.927434 -0.170003 0.311595 3.598882 0.260976 0.261068 
122850612466215 -0.118555 -0.930589 -0.170385 0.301526 3.608536 0.259868 0.253116 
122850712447459 -0.119110 -0.933823 -0.168106 0.292452 3.616636 0.259041 0.246494 
122850845706448 -0.118554 -0.939695 -0.164688 0.275312 3.627154 0.257845 0.240785 
122850912346183 -0.117807 -0.942310 -0.162975 0.267606 3.632297 0.257528 0.238403 
122851045628360 -0.115718 -0.946865 -0.159275 0.254338 3.642450 0.257432 0.235871 
122851145594935 -0.116087 -0.948699 -0.157662 0.248268 3.650355 0.256868 0.234658 
122851245540033 -0.116415 -0.950527 -0.157300 0.241252 3.658153 0.256836 0.234017 
122851345491788 -0.115409 -0.951004 -0.155611 0.240949 3.664234 0.256656 0.233264 
122851445446965 -0.116166 -0.951118 -0.156299 0.239689 3.668897 0.255927 0.232724 
122851445446965 -0.116166 -0.951118 -0.156299 0.239689 3.668897 0.255927 0.232724 TAG001 
122851578732519 -0.118630 -0.951200 -0.157461 0.237386 3.672247 0.256007 0.232859 
122851645372553 -0.118883 -0.951215 -0.157575 0.237121 3.672804 0.256524 0.233116 
122851745342297 -0.119985 -0.950531 -0.157294 0.239487 3.672251 0.257366 0.233358 
122851878620308 -0.119838 -0.950223 -0.156255 0.241452 3.668799 0.257397 0.234803 
122851978575774 -0.119087 -0.950103 -0.155670 0.242673 3.662940 0.256639 0.236577 
122852078544978 -0.122948 -0.947985 -0.157065 0.248070 3.656119 0.254964 0.238768 
122852145150879 -0.126577 -0.945154 -0.157530 0.256604 3.650808 0.254994 0.239611 
122852245128899 -0.129660 -0.939744 -0.156732 0.274781 3.641873 0.254332 0.238043 
122852345127150 -0.132212 -0.933209 -0.157175 0.294849 3.630065 0.252683 0.235905 
122852478396403 -0.139022 -0.914134 -0.161340 0.344966 3.609124 0.253042 0.234706 
122852578356403 -0.136802 -0.897780 -0.160716 0.386582 3.589644 0.254117 0.234941 
122852678513026 -0.136556 -0.877452 -0.160431 0.430921 3.568789 0.255365 0.239911 
122852778525738 -0.134876 -0.859611 -0.156462 0.467329 3.543588 0.256328 0.251646 
122852878501713 -0.138126 -0.839608 -0.153393 0.502444 3.515631 0.256560 0.270264 
122853011823747 -0.154615 -0.813744 -0.153784 0.538763 3.480977 0.251700 0.295279 
122853111658018 -0.159527 -0.798525 -0.148868 0.561023 3.452873 0.250330 0.310786 
122853178273820 -0.163630 -0.788678 -0.145862 0.574401 3.434850 0.249804 0.318684 
122853310583177 -0.175680 -0.770953 -0.140143 0.595927 3.404713 0.247435 0.328858 
122853410545844 -0.177615 -0.759780 -0.137557 0.610135 3.384335 0.249193 0.333137 
122853510551487 -0.178967 -0.744253 -0.136813 0.628760 3.367144 0.251271 0.334545 
122853609428439 -0.188435 -0.726248 -0.133881 0.647404 3.353014 0.249768 0.331139 
122853675086030 -0.197027 -0.717175 -0.130112 0.655676 3.344381 0.247742 0.326161 
122853775048332 -0.205588 -0.697567 -0.128781 0.674202 3.329885 0.244003 0.319807 
122853908345367 -0.220148 -0.673007 -0.128706 0.694285 3.316464 0.237554 0.316069 
122853974963840 -0.223808 -0.659652 -0.128550 0.705864 3.312041 0.235170 0.317727 
122854074923840 -0.225308 -0.637573 -0.124980 0.726028 3.307338 0.234291 0.324459 
122854140630132 -0.223800 -0.620644 -0.120312 0.741781 3.305738 0.234329 0.332351 
122854207237818 -0.223060 -0.599978 -0.112964 0.759941 3.307116 0.233433 0.340669 
122854273879516 -0.227955 -0.580431 -0.103375 0.774887 3.307085 0.234126 0.350229 
122854340513846 -0.231382 -0.560750 -0.092588 0.789588 3.306195 0.234171 0.361204 
122854440473846 -0.235705 -0.530923 -0.082763 0.809762 3.303643 0.232401 0.377756 
122854507141839 -0.241256 -0.512775 -0.076240 0.820393 3.301166 0.230436 0.387786 
122854573758047 -0.247110 -0.495090 -0.070807 0.829945 3.299342 0.228048 0.396206 
122854640390085 -0.251062 -0.475101 -0.068260 0.840588 3.295857 0.226493 0.403689 
122854740350085 -0.253290 -0.441280 -0.069336 0.858084 3.287760 0.225008 0.412272 
122854807028748 -0.252425 -0.423505 -0.065710 0.867529 3.281543 0.224058 0.415711 
122854873705074 -0.258067 -0.408337 -0.062420 0.873365 3.277094 0.222616 0.416927 
122854973661203 -0.259256 -0.381074 -0.062159 0.885271 3.270681 0.221032 0.417978 
122855040301203 -0.261835 -0.362667 -0.061720 0.892248 3.266424 0.220937 0.418188 
122855106971271 -0.261489 -0.344218 -0.061463 0.899644 3.262693 0.220686 0.417168 
122855206894282 -0.262304 -0.316563 -0.058972 0.909674 3.256329 0.219570 0.411378 
122855306838580 -0.266276 -0.294922 -0.053482 0.916110 3.250193 0.218636 0.399820 
122855373470315 -0.267223 -0.278522 -0.049151 0.921196 3.248269 0.217700 0.388897 
122855439172923 -0.268693 -0.262708 -0.043947 0.925666 3.246645 0.216491 0.375727 
122855472490600 -0.269486 -0.255921 -0.041282 0.927458 3.245047 0.216775 0.368406 
122855504851905 -0.271393 -0.250173 -0.039248 0.928558 3.244020 0.216221 0.360394 
122855638107167 -0.271657 -0.223922 -0.027235 0.935585 3.238825 0.214242 0.326863 
122855704777527 -0.273497 -0.211986 -0.024507 0.937902 3.236687 0.213957 0.310600 
122855771417527 -0.272489 -0.205058 -0.023650 0.939756 3.235483 0.214083 0.296272 
122855871437394 -0.267784 -0.194909 -0.020592 0.943334 3.233583 0.215253 0.275764 
122855938108006 -0.266860 -0.189265 -0.019949 0.944757 3.232242 0.216375 0.261514 
122856003675728 -0.265404 -0.182707 -0.020852 0.946438 3.230326 0.216965 0.247058 
122856070315728 -0.264360 -0.177633 -0.021289 0.947685 3.227497 0.218660 0.236436 
122856170280340 -0.259902 -0.169421 -0.016809 0.950508 3.221671 0.220430 0.221079 
122856236981153 -0.257844 -0.164836 -0.012712 0.951937 3.217722 0.220371 0.211337 
122856336016222 -0.258086 -0.154690 -0.007546 0.953628 3.211287 0.219591 0.198609 
122856435987519 -0.260567 -0.131622 -0.006437 0.956420 3.202242 0.219728 0.187922 
122856503639528 -0.261632 -0.115870 -0.007947 0.958154 3.195091 0.220111 0.181203 
122856570112633 -0.259765 -0.102351 -0.007005 0.960207 3.187970 0.222263 0.174640 
122856636752633 -0.258891 -0.091566 -0.005039 0.961543 3.181191 0.225192 0.168287 
122856738580761 -0.257351 -0.073904 -0.005146 0.963474 3.173340 0.227953 0.156747 
122856805187890 -0.260699 -0.064189 -0.006770 0.963260 3.170887 0.228961 0.147550 
122856906108434 -0.263632 -0.050590 -0.007181 0.963269 3.167473 0.230871 0.131173 
122856972748434 -0.264310 -0.045758 -0.005828 0.963334 3.166554 0.232152 0.117894 
122857039328702 -0.266145 -0.042404 -0.005415 0.962985 3.165420 0.233610 0.102079 
122857105997237 -0.266079 -0.040222 -0.003207 0.963106 3.165489 0.235152 0.084173 
122857205956348 -0.266365 -0.040613 -0.001926 0.963014 3.173141 0.234282 0.051399 
122857272596348 -0.265247 -0.039570 -0.003833 0.963361 3.180396 0.231802 0.025420 
122857339173372 -0.262583 -0.036424 -0.006597 0.964199 3.189147 0.230459 -0.003600 
122857439045134 -0.263583 -0.033809 -0.005880 0.964026 3.204804 0.228251 -0.055061 
122857538976928 -0.268298 -0.037643 -0.003639 0.962593 3.224468 0.230545 -0.111432 
122857638942771 -0.266718 -0.043285 -0.007786 0.962771 3.244677 0.247172 -0.167633 
122857705581883 -0.273778 -0.046788 -0.009236 0.960610 3.257810 0.266055 -0.203584 
122857805541883 -0.282786 -0.044518 -0.007514 0.958120 3.276545 0.301313 -0.245491 
122857872309194 -0.287943 -0.039980 -0.007080 0.956787 3.284186 0.326399 -0.263723 
122857972235423 -0.295952 -0.038305 -0.011781 0.954362 3.292551 0.364007 -0.292895 
122858072191987 -0.299202 -0.028635 -0.017446 0.953600 3.299156 0.399340 -0.322211 
122858172118952 -0.300135 -0.021176 -0.020986 0.953431 3.303641 0.429219 -0.353058 
122858272115439 -0.297880 -0.016913 -0.024066 0.954150 3.308583 0.446992 -0.393534 
122858372196157 -0.295564 -0.011677 -0.022014 0.954998 3.314405 0.457191 -0.439934 
122858438795577 -0.293005 -0.005478 -0.020593 0.955873 3.317954 0.460780 -0.475150 
122858538783707 -0.288977 0.004715 -0.021439 0.957084 3.321555 0.464607 -0.536166 
122858638743707 -0.284911 0.011272 -0.018031 0.958318 3.319736 0.473915 -0.603144 
122858705339015 -0.283975 0.008365 -0.012051 0.958719 3.317114 0.486648 -0.646077 
122858772097525 -0.289873 0.001454 -0.004473 0.957054 3.315912 0.508947 -0.688263 
122858905470838 -0.289323 -0.001892 0.006545 0.957207 3.315938 0.559552 -0.758713 
122858972107364 -0.287621 -0.007794 0.004085 0.957704 3.318281 0.586645 -0.784807 
122859072192901 -0.286904 -0.002479 -0.003708 0.957949 3.324409 0.619045 -0.820065 
122859138955286 -0.292410 -0.004967 -0.004548 0.956269 3.328038 0.634907 -0.844797 
122859238915286 -0.292472 -0.012581 -0.011746 0.956119 3.337753 0.652825 -0.886151 
122859305561329 -0.291196 -0.013704 -0.017385 0.956407 3.345681 0.657917 -0.911359 
122859372275082 -0.289979 -0.013826 -0.022654 0.956665 3.354908 0.660410 -0.944879 
122859472135744 -0.291742 -0.017479 -0.024707 0.956018 3.366287 0.658619 -1.001524 
122859572079809 -0.289867 -0.015786 -0.022474 0.956673 3.381048 0.654567 -1.061452 
122859638637876 -0.278167 -0.011579 -0.019875 0.960257 3.391675 0.653403 -1.102529 
122859738385916 -0.289181 -0.011572 -0.015971 0.957071 3.406301 0.663416 -1.165900 
122859805025916 -0.275078 0.000881 -0.015989 0.961288 3.415031 0.669757 -1.204686 
122859871409205 -0.278267 0.008766 -0.015243 0.960343 3.423420 0.673228 -1.244508 
122859971223370 -0.280804 0.011786 -0.013842 0.959593 3.432636 0.675531 -1.299538 
122860071071134 -0.279602 0.016818 -0.014071 0.959866 3.440726 0.673298 -1.355683 
122860170024694 -0.279327 0.017387 -0.014615 0.959927 3.445076 0.668975 -1.414169 
122860236643464 -0.279109 0.017393 -0.011058 0.960038 3.446298 0.665669 -1.455940 
122860336691444 -0.270821 0.013164 -0.007091 0.962513 3.447197 0.663097 -1.520032 
122860436633350 -0.275319 0.015466 -0.009147 0.961185 3.443400 0.667254 -1.586782 
122860536486101 -0.282902 0.005377 -0.000964 0.959133 3.440633 0.675732 -1.643761 
122860603126101 -0.275968 0.000791 -0.004217 0.961157 3.440744 0.678733 -1.679271 
122860669627253 -0.285442 -0.009052 -0.005116 0.958339 3.443568 0.679017 -1.712533 
122860769581875 -0.291466 -0.011059 -0.004635 0.956506 3.447504 0.677600 -1.759668 
122860870434051 -0.300062 -0.015086 -0.008045 0.953767 3.454909 0.672578 -1.802345 
122860970359920 -0.307394 -0.012538 -0.010375 0.951443 3.464510 0.665554 -1.846370 
122861037028394 -0.314154 -0.010264 -0.012592 0.949233 3.472507 0.657405 -1.878925 
122861136991741 -0.321207 -0.008117 -0.017490 0.946813 3.486368 0.645065 -1.929039 
122861203631741 -0.322654 -0.006973 -0.017933 0.946321 3.497267 0.638869 -1.961699 
122861303590086 -0.338121 -0.011775 -0.016348 0.940887 3.514663 0.631826 -2.010094 
122861403491870 -0.339852 -0.006617 -0.025204 0.940118 3.530301 0.626533 -2.053026 
122861503407031 -0.348842 -0.006204 -0.020451 0.936938 3.544615 0.619956 -2.086519 
122861570090220 -0.351113 -0.008970 -0.019368 0.936090 3.552987 0.615951 -2.105905 
122861703351800 -0.344857 -0.025801 -0.019624 0.938095 3.572408 0.615307 -2.138369 
122861770023039 -0.340822 -0.037267 -0.020822 0.939158 3.584498 0.616569 -2.151460 
122861836663039 -0.334396 -0.049813 -0.023831 0.940814 3.594515 0.618793 -2.166580 
122861903360992 -0.329620 -0.065120 -0.026800 0.941484 3.604789 0.621128 -2.182626 
122862003312079 -0.324039 -0.085163 -0.034197 0.941582 3.618678 0.625206 -2.205383 
122862069980908 -0.319073 -0.100120 -0.041063 0.941532 3.627699 0.627263 -2.226909 
122862169918458 -0.309889 -0.126757 -0.049594 0.940979 3.635285 0.630901 -2.253678 
122862236558458 -0.302607 -0.146523 -0.055436 0.940153 3.637762 0.633589 -2.273686 
122862303243728 -0.303496 -0.166718 -0.065647 0.935834 3.640962 0.636869 -2.294744 
122862370000447 -0.297491 -0.186518 -0.074203 0.933383 3.642014 0.638794 -2.313782 
122862468967656 -0.298514 -0.217916 -0.086184 0.925189 3.641454 0.643964 -2.341444 
122862568927656 -0.290127 -0.253853 -0.096433 0.917652 3.641855 0.649311 -2.364303 
122862701263823 -0.281981 -0.302508 -0.107580 0.904103 3.647632 0.655001 -2.385936 
122862799434720 -0.275429 -0.335633 -0.116777 0.893226 3.650942 0.654390 -2.389774 
122862899379464 -0.273060 -0.366334 -0.130742 0.879855 3.652446 0.649911 -2.398340 
122862966019464 -0.275142 -0.385709 -0.141453 0.869205 3.652011 0.647185 -2.402411 
122863032574191 -0.275437 -0.399011 -0.148934 0.861826 3.649990 0.644311 -2.402214 
122863099292085 -0.276965 -0.408628 -0.150567 0.856530 3.646678 0.643437 -2.400498 
122863165932085 -0.277960 -0.417971 -0.150846 0.851636 3.643157 0.642650 -2.395976 
122863232575969 -0.273799 -0.423851 -0.150801 0.850084 3.638928 0.642212 -2.388143 
122863301178981 -0.268546 -0.429459 -0.149826 0.849117 3.633085 0.644358 -2.377304 
122863402072239 -0.270790 -0.442523 -0.151705 0.841327 3.624150 0.646418 -2.361495 
122863468712239 -0.264551 -0.450852 -0.155140 0.838258 3.617367 0.649030 -2.349498 
122863602923224 -0.254697 -0.473381 -0.161494 0.827623 3.604461 0.655180 -2.324833 
122863702970641 -0.246849 -0.499890 -0.172795 0.811983 3.599120 0.658122 -2.312648 
122863802894866 -0.235541 -0.535531 -0.180677 0.790622 3.596928 0.661072 -2.304126 
122863869628663 -0.231828 -0.562736 -0.188224 0.770815 3.595105 0.663611 -2.300201 
122863936455567 -0.218428 -0.580947 -0.195824 0.759238 3.593703 0.664811 -2.298160 
122864004054263 -0.210604 -0.604489 -0.203711 0.740770 3.591539 0.665868 -2.298053 
122864105892497 -0.200962 -0.633005 -0.209069 0.717781 3.588690 0.665837 -2.296905 
122864172525375 -0.198088 -0.649070 -0.214681 0.702411 3.587528 0.665063 -2.297359 
122864273393000 -0.191711 -0.668656 -0.220291 0.683825 3.584242 0.664229 -2.296981 
122864373450195 -0.184840 -0.685178 -0.225309 0.667533 3.582318 0.663295 -2.295728 
122864440110884 -0.180198 -0.695599 -0.228840 0.656737 3.580957 0.662957 -2.293942 
122864540041253 -0.172565 -0.712409 -0.233681 0.638817 3.579048 0.662432 -2.289612 
122864606681253 -0.166806 -0.724704 -0.236499 0.625338 3.577661 0.662394 -2.285036 
122864706664455 -0.159720 -0.742781 -0.240417 0.604124 3.576559 0.662318 -2.276128 
122864773270819 -0.155184 -0.754469 -0.243290 0.589495 3.575994 0.662114 -2.269441 
122864839910819 -0.150958 -0.766183 -0.246799 0.573817 3.575145 0.662079 -2.262504 
122864906527153 -0.146072 -0.778290 -0.249491 0.557388 3.574970 0.661450 -2.254594 
122865006489269 -0.140401 -0.795903 -0.252573 0.532008 3.573392 0.660140 -2.240991 
122865073123256 -0.136625 -0.806658 -0.254628 0.515558 3.571647 0.659397 -2.230005 
122865173097059 -0.130056 -0.821199 -0.259610 0.491244 3.569834 0.658806 -2.212025 
122865239737059 -0.126348 -0.830888 -0.263601 0.473473 3.568937 0.658354 -2.198393 
122865339686925 -0.120335 -0.844289 -0.269283 0.447417 3.566391 0.656351 -2.174886 
122865439648946 -0.113954 -0.854784 -0.273909 0.425831 3.562523 0.654392 -2.149932 
122865539641301 -0.108184 -0.863780 -0.279811 0.404829 3.559249 0.653762 -2.123899 
122865639594723 -0.099753 -0.873214 -0.283258 0.383811 3.555524 0.653003 -2.098346 
122865739531816 -0.092894 -0.881404 -0.287622 0.363003 3.553216 0.651572 -2.071720 
122865839449321 -0.085709 -0.889639 -0.291184 0.341187 3.549042 0.650561 -2.044722 
122865939384653 -0.077561 -0.897342 -0.294004 0.319880 3.543918 0.649383 -2.016355 
122866038425436 -0.070012 -0.904458 -0.294359 0.300677 3.539825 0.649275 -1.987512 
122866104078682 -0.065517 -0.908900 -0.293708 0.288694 3.536605 0.648284 -1.967484 
122866203102505 -0.058638 -0.914516 -0.292864 0.272859 3.531848 0.647290 -1.939664 
122866302021135 -0.053774 -0.916287 -0.301467 0.258156 3.526754 0.645071 -1.914745 
122866368582136 -0.049000 -0.919051 -0.303249 0.246951 3.520699 0.644094 -1.900000 
122866468350745 -0.043953 -0.922752 -0.307775 0.227753 3.510365 0.643049 -1.877551 
122866568352741 -0.034665 -0.926404 -0.313585 0.205519 3.500056 0.643438 -1.856583 
122866634992741 -0.027868 -0.929061 -0.315406 0.191280 3.493252 0.643740 -1.841871 
122866701625458 -0.022618 -0.930906 -0.319568 0.175436 3.487880 0.643894 -1.826642 
122866835063174 -0.009425 -0.934890 -0.324132 0.144327 3.477506 0.640469 -1.789750 
122866934932848 -0.004347 -0.935734 -0.332446 0.117741 3.475064 0.635561 -1.755096 
122867034974753 0.002253 -0.937092 -0.335872 0.095101 3.477761 0.629221 -1.712636 
122867101626263 0.006732 -0.938238 -0.336092 0.081894 3.479966 0.625864 -1.679811 
122867201404900 0.015879 -0.938797 -0.338149 0.063739 3.489806 0.621709 -1.633595 
122867301410711 0.019756 -0.937816 -0.344429 0.038469 3.497073 0.619584 -1.586381 
122867401380874 -0.026882 0.940950 0.337248 -0.012436 3.500808 0.624445 -1.543265 
122867501443611 -0.029929 0.942606 0.332090 0.017742 3.501069 0.629413 -1.505185 
122867601428087 -0.034646 0.943608 0.328200 0.026249 3.496664 0.632596 -1.466668 
122867701296645 -0.037008 0.942818 0.328488 0.042655 3.492172 0.629782 -1.424659 
122867801230626 -0.037076 0.942697 0.327932 0.049063 3.482870 0.627067 -1.382528 
122867901194782 -0.037759 0.942749 0.327065 0.053164 3.470278 0.621351 -1.329875 
122868034520954 -0.035870 0.944357 0.323444 0.047827 3.450054 0.617951 -1.253260 
122868134433407 -0.041966 0.942766 0.328379 0.039976 3.436589 0.622831 -1.199234 
122868234308251 -0.040309 0.944689 0.324830 0.020594 3.426231 0.623350 -1.148780 
122868334456307 -0.035403 0.942906 0.330810 0.015496 3.416756 0.625276 -1.098380 
122868434434668 -0.037135 0.941606 0.334580 0.007443 3.409397 0.623669 -1.046462 
122868534230663 -0.035795 0.940780 0.337091 0.004542 3.406239 0.619206 -0.991298 
122868634220043 -0.037105 0.941286 0.335489 0.007147 3.402075 0.612574 -0.932485 
122868734164605 -0.035519 0.943063 0.330497 0.011969 3.402322 0.608650 -0.869168 
122868835078242 -0.034170 0.941257 0.335332 0.020491 3.402627 0.609191 -0.798672 
122868935135787 -0.040659 0.937815 0.344223 0.018972 3.400913 0.614630 -0.728843 
122869068482906 -0.036905 0.938898 0.340304 0.036079 3.402137 0.620621 -0.648713 
122869201827213 -0.030181 0.941167 0.335698 0.024531 3.398476 0.625379 -0.582418 
122869301835976 -0.028874 0.941590 0.335289 0.012491 3.394598 0.627815 -0.526278 
122869436103336 -0.025920 0.944967 0.325999 -0.009466 3.386313 0.627761 -0.460054 
122869536052520 0.021331 -0.945537 -0.323745 0.026344 3.375506 0.623548 -0.398700 
122869636010547 0.015061 -0.948209 -0.314414 0.042612 3.359452 0.620899 -0.338873 
122869736930630 0.010889 -0.944736 -0.323265 0.053421 3.344435 0.623717 -0.283820 
122869837795687 0.009525 -0.943406 -0.319757 0.087459 3.334416 0.626808 -0.235117 
122869937799790 -0.001109 -0.939188 -0.326402 0.106707 3.332187 0.627780 -0.193720 
122870071049313 -0.001754 -0.937693 -0.322267 0.129897 3.332509 0.630533 -0.151056 
122870170985857 -0.005458 -0.938495 -0.316151 0.138730 3.333688 0.629656 -0.117950 
122870304370184 -0.010417 -0.942194 -0.301964 0.144846 3.334757 0.624056 -0.083833 
122870404351528 -0.011586 -0.946780 -0.282992 0.152932 3.335672 0.609897 -0.060539 
122870537710520 -0.012247 -0.951639 -0.262183 0.159667 3.341127 0.578933 -0.014352 
122870637589429 -0.012604 -0.953031 -0.251292 0.168598 3.346895 0.552340 0.023643 
122870737507974 -0.012082 -0.955689 -0.232290 0.180429 3.355183 0.527750 0.063481 
122870737507974 -0.012082 -0.955689 -0.232290 0.180429 3.355183 0.527750 0.063481 TAG001 
122870870816554 -0.007744 -0.955003 -0.221991 0.196540 3.367361 0.508146 0.112766 
122871004037256 -0.002664 -0.953786 -0.211754 0.213177 3.375777 0.500813 0.153633 
122871070996820 0.001227 -0.953366 -0.203464 0.222920 3.378301 0.497697 0.172588 
122871204269297 -0.001180 -0.950062 -0.211199 0.229731 3.381243 0.484702 0.210598 
122871337470468 0.000949 -0.947222 -0.205683 0.245895 3.381573 0.456257 0.251787 
122871437402735 0.002307 -0.944401 -0.198467 0.262129 3.379771 0.421331 0.292170 
122871537378979 0.000505 -0.941427 -0.191115 0.277830 3.374852 0.378974 0.336402 
122871637366512 -0.004223 -0.940232 -0.183400 0.286896 3.366351 0.335520 0.380506 
122871737352858 -0.010564 -0.934808 -0.168804 0.312295 3.352609 0.299351 0.421973 
122871870608587 -0.016013 -0.939334 -0.169169 0.297955 3.334120 0.280359 0.473398 
122871970487178 -0.012175 -0.940697 -0.177325 0.288959 3.321151 0.278686 0.512536 
122872037157318 -0.008616 -0.942569 -0.175417 0.284109 3.313427 0.276614 0.541488 
122872137199159 -0.008133 -0.943060 -0.185576 0.275924 3.303769 0.269150 0.583315 
122872270473274 0.002434 -0.941465 -0.195875 0.274356 3.292078 0.258724 0.633745 
122872403796824 0.003253 -0.939911 -0.197642 0.278377 3.288634 0.250840 0.698170 
122872503762801 0.001816 -0.942327 -0.191141 0.274740 3.287155 0.251248 0.750086 
122872603780496 -0.001282 -0.942035 -0.190918 0.275895 3.285453 0.254327 0.805328 
122872737011728 -0.000451 -0.946373 -0.194246 0.258161 3.278418 0.257233 0.876337 
122872836966285 0.001793 -0.949346 -0.201809 0.240858 3.267233 0.255710 0.928838 
122872936988270 0.001591 -0.951571 -0.212750 0.221919 3.250547 0.253718 0.978987 
122873036985129 0.007487 -0.955338 -0.216716 0.200766 3.230814 0.250584 1.031763 
122873136951039 0.009070 -0.958655 -0.215894 0.185168 3.207155 0.245776 1.086595 
122873203591039 0.011346 -0.959397 -0.215334 0.181825 3.190058 0.242910 1.125531 
122873336188896 0.012798 -0.962235 -0.207205 0.176084 3.150089 0.245869 1.198678 
122873402265417 0.012265 -0.960836 -0.214110 0.175500 3.132976 0.250568 1.236169 
122873501718940 0.010906 -0.962089 -0.195685 0.189667 3.109705 0.254792 1.283127 
122873601257371 0.003383 -0.958214 -0.216548 0.186872 3.090449 0.251601 1.323444 
122873733715637 0.005063 -0.954890 -0.226802 0.191625 3.064290 0.242094 1.381819 
122873832634214 0.001423 -0.953203 -0.232265 0.193535 3.046754 0.237039 1.428699 
122873932083318 0.002824 -0.951509 -0.230444 0.203762 3.027507 0.233537 1.477584 
122874032052703 0.000282 -0.951086 -0.222061 0.214766 3.009670 0.233396 1.527721 
122874098692703 -0.000400 -0.949838 -0.215772 0.226384 3.000082 0.236727 1.561197 
122874164755283 0.000007 -0.946943 -0.213985 0.239811 2.991066 0.243208 1.594548 
122874264719715 -0.004000 -0.942775 -0.210881 0.258240 2.983975 0.253712 1.637387 
122874330793951 -0.006526 -0.940707 -0.201261 0.272985 2.979365 0.258751 1.658341 
122874430906901 -0.006401 -0.933736 -0.199608 0.297073 2.973072 0.263568 1.686436 
122874497546901 -0.007406 -0.928294 -0.201969 0.312129 2.970879 0.265104 1.702980 
122874597524015 -0.008312 -0.918680 -0.197065 0.342234 2.969767 0.267639 1.723102 
122874664046022 -0.010885 -0.908766 -0.196337 0.368072 2.970983 0.268755 1.733992 
122874730656721 -0.014880 -0.896627 -0.194576 0.397465 2.970543 0.268438 1.744922 
122874831222713 -0.019134 -0.876528 -0.190794 0.441509 2.971059 0.271349 1.758890 
122874898416626 -0.020725 -0.861470 -0.185793 0.472144 2.968235 0.274283 1.767239 
122875031689965 -0.027166 -0.825659 -0.181042 0.533641 2.958173 0.278940 1.780720 
122875098356110 -0.032001 -0.809914 -0.180577 0.557142 2.950919 0.282264 1.787074 
122875198885975 -0.029881 -0.782853 -0.172235 0.597146 2.937151 0.287322 1.791662 
122875266701270 -0.030201 -0.768448 -0.167251 0.616930 2.926841 0.290497 1.790945 
122875367063426 -0.031484 -0.749422 -0.156147 0.642646 2.912050 0.295958 1.788787 
122875468076228 -0.029041 -0.731883 -0.144707 0.665254 2.896050 0.302380 1.789362 
122875535114787 -0.028582 -0.723506 -0.139744 0.675422 2.888362 0.306280 1.789876 
122875635100652 -0.026709 -0.710493 -0.130681 0.690948 2.873293 0.311347 1.789144 
122875701740652 -0.026368 -0.702628 -0.125167 0.699966 2.862922 0.313168 1.788390 
122875802237252 -0.027281 -0.692214 -0.118125 0.711437 2.850674 0.315939 1.785043 
122875868844612 -0.028396 -0.685894 -0.112634 0.718371 2.844509 0.317369 1.780503 
122875935441922 -0.029936 -0.679635 -0.107800 0.724969 2.837831 0.317921 1.775830 
122876035356200 -0.031671 -0.673121 -0.102802 0.731667 2.827129 0.319616 1.770082 
122876135316200 -0.034097 -0.667773 -0.098103 0.737084 2.814437 0.320957 1.764745 
122876201894897 -0.036215 -0.664818 -0.096392 0.739874 2.811239 0.321026 1.759876 
122876301808670 -0.038547 -0.660235 -0.096195 0.743875 2.804942 0.321973 1.753905 
122876301808670 -0.038547 -0.660235 -0.096195 0.743875 2.804942 0.321973 1.753905 TAG001 
122876468377953 -0.041971 -0.657964 -0.094515 0.745915 2.721569 0.308814 1.759398 
122876568328272 -0.047145 -0.664032 -0.099068 0.739611 2.715298 0.307036 1.748499 
122876701634216 -0.052095 -0.672820 -0.097046 0.731561 2.706214 0.306552 1.731966 
122876834944348 -0.054614 -0.681543 -0.093388 0.723737 2.696842 0.305606 1.708607 
122876901579851 -0.056469 -0.686924 -0.093609 0.718460 2.691691 0.304302 1.695158 
122877068193107 -0.060483 -0.698630 -0.088065 0.707462 2.673748 0.300195 1.654893 
122877168163460 -0.063245 -0.707772 -0.089194 0.697928 2.661304 0.297836 1.628451 
122877334845080 -0.066566 -0.724123 -0.096141 0.679685 2.633445 0.288977 1.595012 
122877434805080 -0.077423 -0.733912 -0.114208 0.665083 2.617079 0.283029 1.579854 
122877534803471 -0.084845 -0.744411 -0.126064 0.650202 2.598745 0.279398 1.569359 
122877634837389 -0.086849 -0.751421 -0.134357 0.640134 2.575574 0.277862 1.562329 
122877768188632 -0.079258 -0.768317 -0.130254 0.621644 2.538459 0.277856 1.558764 
122877868085384 -0.077397 -0.772188 -0.129564 0.617210 2.504105 0.276756 1.561152 
122878001361304 -0.082076 -0.774030 -0.137685 0.612522 2.451475 0.271866 1.566845 
122878101238027 -0.089946 -0.775977 -0.148996 0.606275 2.406654 0.265346 1.568517 
122878201104734 -0.089591 -0.773866 -0.157806 0.606796 2.361300 0.257699 1.565471 
122878334299761 -0.095717 -0.770238 -0.170907 0.606929 2.310378 0.253980 1.555789 
122878467050228 -0.088481 -0.775083 -0.160761 0.604627 2.263012 0.258792 1.543215 
122878566487521 -0.084106 -0.784198 -0.161983 0.593061 2.232046 0.258105 1.535053 
122878699747903 -0.087500 -0.792111 -0.164584 0.581220 2.197319 0.255923 1.529112 
122878799171936 -0.080468 -0.799369 -0.156552 0.574479 2.170777 0.256676 1.518236 
122878899121796 -0.078165 -0.803947 -0.151973 0.569617 2.143516 0.257557 1.507269 
122878997979453 -0.086293 -0.809772 -0.153331 0.559744 2.117521 0.255815 1.495361 
122879131244943 -0.093873 -0.813617 -0.158305 0.551503 2.081210 0.252177 1.480774 
122879197301311 -0.098403 -0.814960 -0.167120 0.546102 2.065330 0.249792 1.468331 
122879297283356 -0.103587 -0.813649 -0.174886 0.544664 2.045790 0.250441 1.454221 
122879462784816 -0.108739 -0.814558 -0.168433 0.544336 2.025106 0.254384 1.443172 
122879562727420 -0.108022 -0.811874 -0.166374 0.549101 2.011163 0.255183 1.438817 
122879696137604 -0.102357 -0.806005 -0.167753 0.558335 1.992090 0.256487 1.430851 
122879762854263 -0.102267 -0.806407 -0.167375 0.557884 1.981382 0.257193 1.428433 
