# Created at Thu May 29 15:52:27 GMT+09:00 2025 in Burnaby Canada 
0 0.000000 0.000000 0.000000 1.000000 0.000000 0.000000 0.000000 
356459217710367 0.000000 0.000000 0.000000 1.000000 0.000000 0.000000 0.000000 
356459284401205 0.000000 0.000000 0.000000 1.000000 0.000000 0.000000 0.000000 
356459317746624 0.000000 0.000000 0.000000 1.000000 0.000000 0.000000 0.000000 
356459347792545 0.000000 0.000000 0.000000 1.000000 0.000000 0.000000 0.000000 
356459381137963 0.000000 0.000000 0.000000 1.000000 0.000000 0.000000 0.000000 
356459414483383 0.000000 0.000000 0.000000 1.000000 0.000000 0.000000 0.000000 
356459447828843 0.000000 0.000000 0.000000 1.000000 0.000000 0.000000 0.000000 
356459481174261 0.000000 0.000000 0.000000 1.000000 0.000000 0.000000 0.000000 
356459514519681 0.000000 0.000000 0.000000 1.000000 0.000000 0.000000 0.000000 
356459547865100 0.000000 0.000000 0.000000 1.000000 0.000000 0.000000 0.000000 
356459581210519 0.000000 0.000000 0.000000 1.000000 0.000000 0.000000 0.000000 
356459614555938 0.000000 0.000000 0.000000 1.000000 0.000000 0.000000 0.000000 
356459647901358 0.000000 0.000000 0.000000 1.000000 0.000000 0.000000 0.000000 
356459681246817 -0.163227 -0.003371 0.028928 0.986159 -0.000704 0.007026 0.008134 
356459714592236 -0.162712 -0.004135 0.028910 0.986241 -0.000722 0.007621 0.007928 
356459747815730 -0.157541 -0.004003 0.030270 0.987040 0.001280 0.005729 0.009193 
356459781161148 -0.156800 -0.004684 0.030134 0.987159 0.001035 0.006288 0.009772 
356459814506568 -0.156360 -0.005492 0.030123 0.987225 0.000727 0.006858 0.010249 
356459847837927 -0.156155 -0.006308 0.029780 0.987263 0.000577 0.007356 0.010723 
356459881183346 -0.155737 -0.007365 0.029728 0.987324 0.000340 0.007923 0.011180 
356459914528806 -0.154741 -0.009162 0.029717 0.987465 0.000091 0.008540 0.011774 
356459948078809 -0.153500 -0.012222 0.029688 0.987627 0.000641 0.008673 0.011725 
356459981424228 -0.152561 -0.013983 0.029904 0.987743 0.000512 0.009192 0.012154 
356460014769647 -0.151468 -0.015748 0.030224 0.987875 0.000350 0.009757 0.012670 
356460049163600 -0.149802 -0.018660 0.030592 0.988067 0.000488 0.012331 0.014602 
356460082509018 -0.148134 -0.023331 0.031662 0.988185 0.000358 0.013073 0.015252 
356460116380581 -0.145089 -0.027944 0.032490 0.988490 0.000646 0.012628 0.015760 
356460149726001 -0.143570 -0.033633 0.033219 0.988511 0.000612 0.013348 0.016557 
356460183071419 -0.143110 -0.040726 0.033629 0.988297 0.000641 0.013983 0.017026 
356460216416839 -0.143615 -0.045804 0.033696 0.987999 0.000651 0.014470 0.017225 
356460249559951 -0.142328 -0.052907 0.033472 0.987838 0.000990 0.012240 0.015848 
356460282905369 -0.139528 -0.062035 0.033867 0.987692 0.001068 0.012821 0.016408 
356460316250830 -0.137729 -0.069891 0.034246 0.987407 0.001239 0.013308 0.016816 
356460349685523 -0.136679 -0.078532 0.034925 0.986880 0.001554 0.014052 0.016099 
356460383030983 -0.135588 -0.090148 0.036301 0.985987 0.001742 0.014431 0.016365 
356460416562931 -0.136290 -0.099917 0.038068 0.984882 0.001849 0.014254 0.014941 
356460449908350 -0.138612 -0.109847 0.040149 0.983417 0.001826 0.014193 0.014629 
356460483253769 -0.140879 -0.119103 0.043079 0.981892 0.001648 0.013975 0.014117 
356460517499066 -0.145305 -0.125578 0.045940 0.980309 0.003123 0.009733 0.004788 
356460550844486 -0.148529 -0.133464 0.046313 0.978765 0.003140 0.009566 0.003926 
356460584189904 -0.151077 -0.140904 0.047571 0.977271 0.003026 0.009267 0.003145 
356460617535364 -0.152384 -0.146478 0.047111 0.976270 0.002917 0.008948 0.002355 
356460650577556 -0.152615 -0.151885 0.044679 0.975522 0.004618 0.008729 0.000409 
356460683922974 -0.152720 -0.157781 0.043546 0.974621 0.004591 0.008469 -0.000278 
356460716998768 -0.151999 -0.160594 0.044415 0.974235 0.005946 0.009708 -0.001403 
356460750344187 -0.152189 -0.162030 0.044005 0.973986 0.006111 0.009464 -0.001965 
356460783689606 -0.151155 -0.162312 0.044478 0.974078 0.006197 0.009264 -0.002394 
356460817045153 -0.150458 -0.161033 0.045326 0.974359 0.006434 0.009905 -0.002544 
356460850390572 -0.148998 -0.161162 0.046001 0.974531 0.006546 0.009793 -0.002728 
356460883735991 -0.146944 -0.159045 0.046634 0.975160 0.006819 0.009675 -0.002950 
356460916983231 -0.145535 -0.154974 0.048452 0.975938 0.006978 0.009911 -0.001750 
356460950328651 -0.143049 -0.150961 0.049318 0.976891 0.007475 0.009807 -0.001676 
356460983674069 -0.140612 -0.148427 0.048927 0.977652 0.007978 0.009631 -0.001611 
356460983674069 0.006779 -0.203644 -0.658333 0.724625 0.005922 0.026642 -0.012656 TAG001 
356461017019489 -0.140413 -0.146688 0.048737 0.977953 0.008001 0.009054 -0.000797 
356461050270616 -0.140949 -0.145694 0.048275 0.978047 0.008560 0.008783 -0.000864 
356461083616034 -0.141172 -0.147689 0.048497 0.977705 0.008903 0.008563 -0.000981 
356461116819840 -0.141054 -0.150084 0.049601 0.977302 0.008918 0.007888 -0.000557 
356461150165259 -0.141054 -0.152659 0.049980 0.976883 0.009013 0.007882 -0.000498 
356461183510678 -0.140696 -0.156423 0.050758 0.976299 0.008994 0.007926 -0.000382 
356461216856097 -0.139669 -0.160756 0.051587 0.975699 0.008951 0.007977 -0.000270 
356461250124027 -0.138792 -0.165605 0.052074 0.974987 0.008954 0.007701 0.000221 
356461283469486 -0.138513 -0.171421 0.051360 0.974059 0.009089 0.007836 0.000181 
356461316814905 -0.137298 -0.179213 0.050818 0.972857 0.009273 0.008036 0.000126 
356461350180162 -0.137290 -0.188071 0.049627 0.971246 0.009149 0.008174 -0.000596 
356461383525580 -0.137686 -0.198342 0.048016 0.969225 0.009682 0.008359 -0.001077 
356461416871000 -0.136270 -0.209944 0.046985 0.967030 0.010447 0.008470 -0.001489 
356461450026019 -0.135224 -0.221262 0.046409 0.964678 0.011924 0.006594 -0.001598 
356461483371438 -0.134980 -0.229762 0.044502 0.962813 0.013119 0.006611 -0.002077 
356461516503954 -0.133943 -0.236995 0.041646 0.961332 0.014575 0.006681 -0.002143 
356461549849414 -0.133276 -0.244073 0.039690 0.959735 0.015956 0.006844 -0.002189 
356461583194833 -0.133284 -0.250607 0.037773 0.958126 0.017440 0.006950 -0.002253 
356461616137800 -0.133648 -0.257593 0.035841 0.956295 0.019401 0.007100 -0.001987 
356461649483220 -0.134294 -0.263760 0.034752 0.954562 0.020832 0.007239 -0.002021 
356461682828638 -0.135805 -0.268764 0.033905 0.952981 0.022128 0.007344 -0.002072 
356461716097489 -0.137333 -0.272352 0.033605 0.951753 0.023589 0.007227 -0.001216 
356461746949423 -0.138502 -0.273829 0.033063 0.951179 0.024635 0.007277 -0.001158 
356461780301597 -0.139793 -0.276172 0.032768 0.950323 0.025520 0.007275 -0.001114 
356461813647017 -0.141112 -0.277784 0.032730 0.949659 0.026284 0.007334 -0.001013 
356461846969147 -0.140247 -0.279283 0.032938 0.949340 0.027002 0.007284 0.000073 
356461880314565 -0.140637 -0.280611 0.032795 0.948896 0.027577 0.007407 0.000348 
356461913656015 -0.141858 -0.281101 0.032051 0.948594 0.028202 0.007308 0.001012 
356461947001434 -0.143618 -0.282458 0.031739 0.947937 0.028736 0.007467 0.001340 
356461980346894 -0.140817 -0.279583 0.030654 0.949244 0.029446 0.007510 0.001536 
356461980346894 0.099576 -0.296354 -0.650981 0.691724 0.030332 0.024629 -0.009499 TAG002 
356462013706833 -0.140365 -0.279002 0.029403 0.949521 0.030325 0.007244 0.001553 
356462047052252 -0.141177 -0.283157 0.029567 0.948165 0.030761 0.007429 0.002199 
356462080397671 -0.140480 -0.284821 0.029727 0.947765 0.031328 0.007563 0.002709 
356462113704558 -0.142791 -0.285449 0.029592 0.947235 0.031745 0.007424 0.002351 
356462147049978 -0.145055 -0.289134 0.029964 0.945760 0.032152 0.007559 0.002324 
356462180395396 -0.144733 -0.296082 0.030431 0.943643 0.032375 0.007891 0.002760 
356462213632704 -0.144025 -0.303128 0.029945 0.941527 0.032692 0.007955 0.002843 
356462246978123 -0.143759 -0.309232 0.028859 0.939615 0.033497 0.008193 0.003183 
356462280323541 -0.144709 -0.317554 0.026776 0.936751 0.034624 0.008325 0.003650 
356462313656264 -0.144193 -0.327985 0.024410 0.933294 0.035950 0.008284 0.004445 
356462346993289 -0.144745 -0.338044 0.021905 0.929675 0.037403 0.006805 0.004120 
356462380338708 -0.147373 -0.344685 0.019756 0.926867 0.039800 0.006288 0.004090 
356462413684168 -0.153058 -0.348879 0.017264 0.924423 0.042662 0.005555 0.003520 
356462446989732 -0.159482 -0.353283 0.014002 0.921716 0.045317 0.003341 0.001922 
356462480335151 -0.166533 -0.358089 0.011061 0.918650 0.048322 0.002106 0.001080 
356462513783893 -0.175457 -0.361817 0.006885 0.915563 0.051012 -0.000375 -0.000890 
356462547129313 -0.185267 -0.365146 0.002449 0.912326 0.054088 -0.002108 -0.002273 
356462580474731 -0.196656 -0.367677 -0.001906 0.908920 0.057004 -0.004030 -0.003947 
356462613838626 -0.209657 -0.369891 -0.006123 0.905090 0.060706 -0.006385 -0.006903 
356462647184045 -0.224879 -0.371481 -0.009716 0.900742 0.063649 -0.009032 -0.009441 
356462680529464 -0.241499 -0.371872 -0.013483 0.896219 0.066473 -0.012174 -0.012576 
356462713874924 -0.257348 -0.371680 -0.015900 0.891837 0.068838 -0.015436 -0.015836 
356462747281467 -0.269541 -0.369233 -0.017260 0.889222 0.071294 -0.017389 -0.019128 
356462780626886 -0.279045 -0.368156 -0.016948 0.886740 0.072564 -0.020078 -0.021846 
356462813972305 -0.284320 -0.366501 -0.016142 0.885764 0.073331 -0.022150 -0.024011 
356462847318856 -0.286139 -0.364802 -0.015124 0.885898 0.073921 -0.023623 -0.023717 
356462880664274 -0.288823 -0.363538 -0.015207 0.885545 0.074342 -0.024871 -0.024947 
356462914039350 -0.291649 -0.361998 -0.015885 0.885238 0.074635 -0.025837 -0.025836 
356462947384810 -0.293161 -0.361474 -0.016371 0.884944 0.074882 -0.026363 -0.026572 
356462980730228 -0.292916 -0.362001 -0.016258 0.884811 0.074936 -0.026521 -0.026907 
356463011595631 -0.292125 -0.362488 -0.015996 0.884878 0.075005 -0.026520 -0.026823 
356463044941050 -0.291851 -0.361929 -0.015769 0.885202 0.075018 -0.026507 -0.026839 
356463078286469 -0.291685 -0.360807 -0.015911 0.885712 0.075100 -0.026513 -0.026773 
356463111631888 -0.290941 -0.361007 -0.015434 0.885883 0.075054 -0.026478 -0.026623 
356463144986892 -0.291277 -0.360519 -0.015176 0.885976 0.074866 -0.026320 -0.025832 
356463178332351 -0.292033 -0.360189 -0.014952 0.885865 0.074904 -0.026382 -0.025771 
356463211677770 -0.291332 -0.360076 -0.014582 0.886148 0.074862 -0.026299 -0.025618 
356463245023662 -0.290618 -0.359894 -0.014311 0.886461 0.074856 -0.026005 -0.024848 
356463278369080 -0.290748 -0.359751 -0.014276 0.886477 0.074813 -0.025912 -0.024723 
356463311710339 -0.290179 -0.359433 -0.014089 0.886795 0.074980 -0.025512 -0.023923 
356463345059745 -0.289646 -0.359308 -0.014037 0.887021 0.074913 -0.025311 -0.023752 
356463378401176 -0.289487 -0.359280 -0.014008 0.887084 0.074820 -0.025196 -0.023701 
356463411742710 -0.289437 -0.359194 -0.013757 0.887139 0.075034 -0.025193 -0.023443 
356463445088129 -0.289670 -0.359638 -0.013428 0.886889 0.074935 -0.025224 -0.023608 
356463478433548 -0.289832 -0.360062 -0.013199 0.886667 0.074856 -0.025286 -0.023817 
356463511797633 -0.290116 -0.359757 -0.013375 0.886696 0.075367 -0.025777 -0.023320 
356463545143052 -0.290211 -0.359482 -0.013291 0.886777 0.075323 -0.025781 -0.023470 
356463578488512 -0.290394 -0.359810 -0.012963 0.886589 0.075236 -0.025732 -0.023618 
356463611836381 -0.290230 -0.359691 -0.012888 0.886692 0.075668 -0.026041 -0.023298 
356463645192175 -0.289590 -0.359762 -0.012562 0.886877 0.075637 -0.025886 -0.023313 
356463678527219 -0.289533 -0.359289 -0.012582 0.887087 0.075755 -0.025846 -0.023478 
356463711869098 -0.290296 -0.357456 -0.013371 0.887567 0.076662 -0.026836 -0.023334 
356463745214518 -0.290622 -0.356095 -0.013077 0.888011 0.077033 -0.026918 -0.024051 
356463778559936 -0.290976 -0.353246 -0.012710 0.889038 0.077665 -0.027040 -0.025194 
356463811905356 -0.291733 -0.347939 -0.013233 0.890873 0.078673 -0.027315 -0.027056 
356463845203294 -0.293026 -0.339659 -0.015241 0.893608 0.080754 -0.028991 -0.028782 
356463878548712 -0.294383 -0.330654 -0.017512 0.896493 0.082216 -0.029122 -0.031651 
356463911894132 -0.295152 -0.325233 -0.019122 0.898189 0.083601 -0.028733 -0.034529 
356463945349885 -0.293640 -0.326135 -0.018305 0.898374 0.085356 -0.029680 -0.037601 
356463978695304 -0.294305 -0.329923 -0.017727 0.896784 0.087725 -0.029330 -0.041469 
356464011822838 -0.295400 -0.334616 -0.019138 0.894654 0.090891 -0.030948 -0.045941 
356464045168258 -0.296481 -0.336201 -0.022761 0.893616 0.095725 -0.031898 -0.051222 
356464078513717 -0.298632 -0.333830 -0.029035 0.893607 0.101675 -0.033632 -0.057274 
356464111803266 -0.302112 -0.330650 -0.036130 0.893360 0.108931 -0.036323 -0.063579 
356464145148686 -0.305996 -0.327740 -0.042605 0.892826 0.115909 -0.038836 -0.070740 
356464178494104 -0.308675 -0.324845 -0.048084 0.892683 0.122923 -0.041486 -0.078116 
356464211863030 -0.311022 -0.319775 -0.054212 0.893348 0.130099 -0.044780 -0.085430 
356464245198319 -0.314488 -0.314005 -0.060610 0.893770 0.137255 -0.048108 -0.092910 
356464278543738 -0.317822 -0.309398 -0.066634 0.893769 0.144344 -0.051614 -0.100210 
356464311906696 -0.320706 -0.306103 -0.072654 0.893403 0.150141 -0.056163 -0.106900 
356464345252156 -0.323926 -0.303998 -0.078038 0.892506 0.156578 -0.059862 -0.113800 
356464378597575 -0.325856 -0.303095 -0.082400 0.891718 0.162530 -0.063451 -0.120284 
356464411974210 -0.327564 -0.302655 -0.087171 0.890788 0.167504 -0.067919 -0.124999 
356464445319630 -0.330571 -0.302919 -0.091604 0.889141 0.172629 -0.071476 -0.130321 
356464478665048 -0.333797 -0.304198 -0.095186 0.887120 0.177222 -0.074886 -0.135100 
356464512010468 -0.337444 -0.304585 -0.098486 0.885246 0.181342 -0.078178 -0.139493 
356464545362560 -0.340020 -0.305001 -0.101340 0.883794 0.184853 -0.081461 -0.142999 
356464578708019 -0.342191 -0.306199 -0.103179 0.882327 0.187990 -0.084178 -0.146478 
356464612004240 -0.344258 -0.307516 -0.104890 0.880862 0.190156 -0.087985 -0.149417 
356464645349659 -0.346008 -0.308960 -0.105369 0.879613 0.192514 -0.090151 -0.152064 
356464678695078 -0.347444 -0.310671 -0.105220 0.878462 0.194489 -0.092065 -0.154382 
356464712041300 -0.349183 -0.311079 -0.105494 0.877594 0.195828 -0.094622 -0.155344 
356464745386720 -0.350779 -0.312094 -0.105573 0.876587 0.197292 -0.096172 -0.156970 
356464778724163 -0.352045 -0.312635 -0.105878 0.875850 0.198550 -0.097481 -0.158340 
356464812077598 -0.353056 -0.312916 -0.106401 0.875279 0.199615 -0.098611 -0.159560 
356464845437078 -0.353781 -0.313577 -0.107120 0.874662 0.199582 -0.099965 -0.160173 
356464878782496 -0.354810 -0.313554 -0.107800 0.874170 0.200285 -0.100811 -0.161038 
356464912117629 -0.355318 -0.312642 -0.108576 0.874194 0.200564 -0.101815 -0.161478 
356464945463048 -0.356043 -0.311934 -0.109004 0.874099 0.200927 -0.102434 -0.162034 
356464978808466 -0.356711 -0.311650 -0.109274 0.873894 0.201162 -0.102875 -0.162474 
356465012156029 -0.356609 -0.311795 -0.109323 0.873878 0.200955 -0.103144 -0.162445 
356465045501448 -0.356414 -0.311639 -0.109524 0.873988 0.200922 -0.103059 -0.162582 
356465078846867 -0.356314 -0.310521 -0.109919 0.874377 0.200782 -0.102761 -0.162547 
356465112196820 -0.355610 -0.309920 -0.109613 0.874915 0.200229 -0.102247 -0.162059 
356465145542239 -0.354684 -0.309278 -0.109297 0.875557 0.199722 -0.101411 -0.161658 
356465178887658 -0.353816 -0.308814 -0.108858 0.876127 0.199039 -0.100392 -0.161092 
356465212233118 -0.352666 -0.308643 -0.108256 0.876725 0.198143 -0.099094 -0.160249 
356465245770462 -0.350678 -0.307982 -0.107803 0.877810 0.196037 -0.097344 -0.158305 
356465279115921 -0.347734 -0.306408 -0.107444 0.879574 0.194649 -0.095176 -0.156553 
356465312461340 -0.344964 -0.304232 -0.106998 0.881473 0.193032 -0.092568 -0.154344 
356465345828548 -0.340168 -0.301244 -0.106053 0.884472 0.190931 -0.089530 -0.151416 
356465379173966 -0.333528 -0.298101 -0.104455 0.888248 0.188568 -0.085758 -0.148026 
356465412519386 -0.326023 -0.294368 -0.103062 0.892432 0.185993 -0.081664 -0.144243 
356465445793344 -0.318077 -0.290241 -0.102250 0.896734 0.182834 -0.077341 -0.140362 
356465479138762 -0.310021 -0.284700 -0.101903 0.901359 0.179985 -0.073000 -0.136151 
356465512466771 -0.301223 -0.278200 -0.101333 0.906422 0.177715 -0.068698 -0.131495 
356465545812190 -0.293613 -0.272732 -0.101112 0.910596 0.174780 -0.064304 -0.126710 
356465579157609 -0.287216 -0.268063 -0.100914 0.914038 0.171818 -0.059991 -0.121820 
356465612503028 -0.280101 -0.264237 -0.100311 0.917420 0.168822 -0.055583 -0.116563 
356465645929838 -0.271520 -0.261057 -0.099112 0.921034 0.165966 -0.051044 -0.111004 
356465679275216 -0.263432 -0.258793 -0.097877 0.924148 0.163199 -0.046601 -0.105129 
356465712626671 -0.256162 -0.255411 -0.096721 0.927249 0.161068 -0.042332 -0.099134 
356465745972091 -0.249246 -0.252742 -0.095479 0.929990 0.158743 -0.038229 -0.093162 
356465779317509 -0.241850 -0.252260 -0.094097 0.932212 0.156665 -0.034323 -0.087109 
356465812729376 -0.234421 -0.253360 -0.092756 0.933944 0.155045 -0.030435 -0.081384 
356465846074795 -0.227965 -0.256814 -0.090774 0.934793 0.153399 -0.027104 -0.075880 
356465879420214 -0.221631 -0.259520 -0.088706 0.935767 0.151957 -0.023842 -0.070445 
356465915212651 -0.214693 -0.261087 -0.086893 0.937118 0.150574 -0.020463 -0.064620 
356465948583201 -0.206722 -0.261785 -0.085326 0.938858 0.148958 -0.017757 -0.058981 
356465981928660 -0.199080 -0.261510 -0.084240 0.940683 0.147920 -0.014769 -0.053598 
356466015274079 -0.192188 -0.260409 -0.083327 0.942501 0.147121 -0.011979 -0.048488 
356466048643393 -0.182949 -0.256626 -0.083682 0.945341 0.146260 -0.009676 -0.043238 
356466081988811 -0.174256 -0.257020 -0.083486 0.946893 0.145661 -0.007414 -0.038532 
356466081988811 0.060072 -0.304232 -0.729882 0.609185 0.150544 0.008984 -0.049617 TAG001 TAG002 
356466115348277 -0.170228 -0.258360 -0.082653 0.947334 0.144864 -0.005740 -0.033875 
356466148680392 -0.169293 -0.258365 -0.081576 0.947593 0.144785 -0.004283 -0.030603 
356466182025851 -0.167521 -0.258834 -0.080301 0.947889 0.144678 -0.003109 -0.027743 
356466215339467 -0.165771 -0.258896 -0.078980 0.948291 0.144498 -0.002077 -0.024686 
356466248684886 -0.163308 -0.258465 -0.077695 0.948941 0.144288 -0.001047 -0.022059 
356466282030305 -0.160740 -0.256616 -0.077058 0.949933 0.144082 -0.000141 -0.019684 
356466315339244 -0.158889 -0.252282 -0.077297 0.951385 0.143954 0.000671 -0.016249 
356466348684664 -0.156716 -0.247083 -0.077957 0.953055 0.144019 0.001296 -0.014251 
356466382030082 -0.155230 -0.240425 -0.078804 0.954929 0.144092 0.001798 -0.012436 
356466415375542 -0.153841 -0.233464 -0.079854 0.956792 0.144044 0.002221 -0.010758 
356466448654555 -0.151211 -0.225305 -0.080398 0.959119 0.144207 0.002480 -0.008803 
356466481999973 -0.149584 -0.216255 -0.081082 0.961397 0.143970 0.002577 -0.007520 
356466515321645 -0.148081 -0.206535 -0.081346 0.963742 0.143650 0.002526 -0.006779 
356466548667064 -0.145608 -0.197186 -0.081234 0.966083 0.143104 0.002435 -0.005969 
356466582012483 -0.143735 -0.188149 -0.081191 0.968167 0.142313 0.002217 -0.005509 
356466615357943 -0.143475 -0.179699 -0.081007 0.969825 0.141298 0.001912 -0.005435 
356466648677572 -0.142962 -0.173026 -0.080489 0.971157 0.140000 0.001631 -0.005171 
356466682021525 -0.141973 -0.167625 -0.079949 0.972293 0.138744 0.001483 -0.005238 
356466715363629 -0.140526 -0.161620 -0.079571 0.973550 0.137424 0.001321 -0.005004 
356466748709049 -0.138877 -0.156013 -0.079299 0.974723 0.136175 0.001275 -0.004952 
356466782054467 -0.138341 -0.150063 -0.078944 0.975762 0.135043 0.001174 -0.004992 
356466815399886 -0.137390 -0.144216 -0.078772 0.976791 0.133975 0.001077 -0.004867 
356466851168682 -0.136119 -0.137844 -0.078335 0.977924 0.132695 0.000904 -0.004339 
356466884514101 -0.135556 -0.133123 -0.077710 0.978705 0.131775 0.000851 -0.004035 
356466917876354 -0.135231 -0.129065 -0.077084 0.979343 0.130675 0.001023 -0.002612 
356466951210625 -0.135450 -0.126464 -0.076389 0.979707 0.129979 0.001024 -0.002385 
356466984556044 -0.135985 -0.124213 -0.075675 0.979976 0.129360 0.001032 -0.002236 
356467017889651 -0.134845 -0.121695 -0.075312 0.980477 0.128792 0.001025 -0.001839 
356467051235069 -0.132664 -0.121481 -0.074811 0.980839 0.128075 0.001024 -0.001566 
356467051235069 -0.006621 -0.179102 -0.747905 0.639153 0.130121 0.018578 -0.011730 TAG001 TAG002 
356467084580489 -0.132967 -0.120035 -0.074200 0.981023 0.127471 0.000957 -0.001636 
356467117929716 -0.135026 -0.116048 -0.073619 0.981265 0.126460 0.000807 -0.001729 
356467151275134 -0.135426 -0.112409 -0.072833 0.981692 0.125656 0.000658 -0.001913 
356467184620554 -0.136290 -0.109187 -0.071616 0.982026 0.124672 0.000489 -0.002205 
356467217965973 -0.137639 -0.105049 -0.070156 0.982394 0.123431 0.000213 -0.002551 
356467251237690 -0.138893 -0.100868 -0.068167 0.982796 0.122005 -0.000235 -0.002439 
356467284583109 -0.140049 -0.095680 -0.064597 0.983392 0.120167 -0.000790 -0.003032 
356467317928569 -0.142258 -0.088943 -0.060093 0.983992 0.117966 -0.001545 -0.003914 
356467351225222 -0.145110 -0.082445 -0.055398 0.984417 0.115575 -0.002483 -0.005116 
356467384570641 -0.148332 -0.075244 -0.050499 0.984777 0.112729 -0.003536 -0.006542 
356467417915833 -0.151512 -0.066776 -0.046867 0.985083 0.109661 -0.004680 -0.007999 
356467451261251 -0.153623 -0.058592 -0.043521 0.985430 0.106589 -0.005651 -0.009401 
356467484606671 -0.155273 -0.050517 -0.041239 0.985717 0.103581 -0.006464 -0.010699 
356467517910297 -0.157488 -0.041847 -0.039752 0.985833 0.100668 -0.007084 -0.012306 
356467551255756 -0.159467 -0.032878 -0.038145 0.985918 0.097793 -0.007582 -0.013512 
356467584469419 -0.159947 -0.024804 -0.037344 0.986107 0.095096 -0.007950 -0.014443 
356467617858709 -0.160683 -0.017339 -0.036582 0.986175 0.092646 -0.008328 -0.015468 
356467651204128 -0.162230 -0.009951 -0.035932 0.986048 0.090403 -0.008768 -0.016371 
356467684549547 -0.164004 -0.003406 -0.035424 0.985818 0.088362 -0.009198 -0.017196 
356467717885265 -0.165147 0.001797 -0.035035 0.985645 0.086759 -0.010078 -0.017678 
356467751230683 -0.166844 0.006500 -0.034675 0.985352 0.085228 -0.010519 -0.018437 
356467784576103 -0.169310 0.010031 -0.034399 0.984911 0.083872 -0.010894 -0.019134 
356467817924686 -0.171260 0.013617 -0.034245 0.984536 0.082815 -0.011229 -0.019617 
356467851270104 -0.171824 0.016094 -0.034321 0.984398 0.081915 -0.011330 -0.019826 
356467884615524 -0.171740 0.017597 -0.034560 0.984379 0.081210 -0.011336 -0.019907 
356467917960943 -0.172368 0.018955 -0.034833 0.984234 0.080662 -0.011291 -0.020011 
356467951309719 -0.173143 0.019640 -0.035138 0.984074 0.080339 -0.011313 -0.020034 
356467984655138 -0.173807 0.020811 -0.035437 0.983922 0.080046 -0.011291 -0.020087 
356468018000801 -0.174192 0.022007 -0.035994 0.983808 0.080148 -0.011377 -0.019796 
356468051346220 -0.174158 0.023406 -0.036356 0.983768 0.080030 -0.011311 -0.019647 
356468084691639 -0.173678 0.025288 -0.036736 0.983792 0.079935 -0.011207 -0.019443 
356468117953099 -0.173763 0.027599 -0.037330 0.983693 0.080246 -0.011632 -0.018361 
356468151298517 -0.174116 0.029143 -0.037640 0.983574 0.080277 -0.011638 -0.018215 
356468184643937 -0.173513 0.029915 -0.038017 0.983643 0.080286 -0.011646 -0.018010 
356468217989101 -0.174192 0.030382 -0.038320 0.983497 0.080457 -0.011777 -0.017986 
356468251330247 -0.175613 0.030572 -0.038776 0.983220 0.080557 -0.011996 -0.018119 
356468284675667 -0.176774 0.029995 -0.038909 0.983025 0.080626 -0.012242 -0.018261 
356468318029702 -0.177733 0.027954 -0.038925 0.982911 0.080866 -0.012538 -0.018347 
356468351375121 -0.178969 0.026514 -0.038884 0.982728 0.080929 -0.012843 -0.018581 
356468384720540 -0.180023 0.025767 -0.038844 0.982557 0.080944 -0.013142 -0.018862 
356468418059702 -0.181374 0.024673 -0.038773 0.982340 0.080992 -0.013429 -0.019097 
356468451405121 -0.183066 0.023312 -0.038606 0.982066 0.080833 -0.013755 -0.019508 
356468484750540 -0.184955 0.020988 -0.038719 0.981760 0.080675 -0.014113 -0.019982 
356468518122829 -0.187033 0.018410 -0.038791 0.981415 0.080295 -0.014466 -0.020539 
356468551468247 -0.188908 0.015240 -0.038834 0.981108 0.079995 -0.014847 -0.021036 
356468584813666 -0.190159 0.011678 -0.039635 0.980883 0.079624 -0.015258 -0.021430 
356468618159086 -0.192144 0.007162 -0.040699 0.980496 0.079226 -0.015713 -0.021873 
356468651507358 -0.194451 0.003863 -0.042056 0.980003 0.078892 -0.016301 -0.022435 
356468684852778 -0.197396 0.000466 -0.042991 0.979381 0.078498 -0.016869 -0.023177 
356468718210036 -0.201092 -0.000954 -0.044298 0.978570 0.078181 -0.017622 -0.024140 
356468749104019 -0.204408 -0.001233 -0.044655 0.977866 0.077965 -0.018175 -0.025061 
356468782449439 -0.206871 -0.000437 -0.044691 0.977347 0.077849 -0.018701 -0.026004 
356468815796949 -0.209477 0.000285 -0.044472 0.976802 0.077814 -0.019333 -0.026874 
356468849144607 -0.210843 -0.000359 -0.043552 0.976549 0.077849 -0.019671 -0.027520 
356468882490026 -0.211234 -0.002913 -0.042249 0.976518 0.077886 -0.019831 -0.027886 
356468915871496 -0.211693 -0.004436 -0.040946 0.976468 0.077964 -0.020152 -0.028132 
356468949211950 -0.212904 -0.004518 -0.039702 0.976256 0.078172 -0.020340 -0.028543 
356468982562334 -0.213173 -0.004941 -0.038427 0.976246 0.078445 -0.020525 -0.028947 
356469015912479 -0.213567 -0.004792 -0.037086 0.976212 0.078612 -0.020835 -0.029675 
356469049257897 -0.214097 -0.005577 -0.035573 0.976148 0.078992 -0.021157 -0.030445 
356469082603317 -0.213996 -0.011279 -0.034067 0.976175 0.079369 -0.021660 -0.031075 
356469115928097 -0.214542 -0.017806 -0.034413 0.975946 0.079888 -0.022115 -0.032161 
356469149273312 -0.215935 -0.025618 -0.036331 0.975395 0.080605 -0.022465 -0.033111 
356469182618935 -0.217111 -0.037464 -0.039243 0.974638 0.081723 -0.022603 -0.034115 
356469216025665 -0.219641 -0.048982 -0.042064 0.973442 0.083132 -0.022932 -0.035277 
356469249371084 -0.222090 -0.055954 -0.043375 0.972453 0.084110 -0.023181 -0.036086 
356469282716503 -0.221991 -0.063598 -0.044880 0.971937 0.084979 -0.023071 -0.036143 
356469316061923 -0.221603 -0.076006 -0.045103 0.971123 0.085609 -0.022912 -0.036192 
356469349405034 -0.223742 -0.082801 -0.044947 0.970084 0.085965 -0.023038 -0.036672 
356469382750454 -0.224290 -0.083546 -0.044901 0.969896 0.086348 -0.022957 -0.036623 
356469416175888 -0.221355 -0.084815 -0.044863 0.970462 0.086385 -0.022681 -0.036056 
356469449521306 -0.217915 -0.089207 -0.044328 0.970871 0.086126 -0.022204 -0.035352 
356469449521306 -0.089667 -0.216734 -0.719422 0.653773 0.086732 -0.006631 -0.048495 TAG001 
356469482866726 -0.215669 -0.095155 -0.043212 0.970858 0.085794 -0.021986 -0.035109 
356469516212798 -0.216871 -0.096100 -0.043457 0.970486 0.085936 -0.022097 -0.035226 
356469549558217 -0.216131 -0.096148 -0.043976 0.970623 0.086087 -0.022199 -0.035151 
356469582903636 -0.214503 -0.091607 -0.045716 0.971343 0.086362 -0.022331 -0.035083 
356469616249056 -0.210220 -0.088974 -0.048444 0.972391 0.086650 -0.022173 -0.034618 
356469616249056 -0.084400 -0.211118 -0.723398 0.651922 0.087382 -0.006392 -0.047503 TAG002 
356469649525784 -0.205089 -0.091275 -0.048593 0.973266 0.086946 -0.021683 -0.032953 
356469682871244 -0.201747 -0.090836 -0.048138 0.974028 0.087102 -0.021060 -0.031941 
356469716181262 -0.200764 -0.091560 -0.047642 0.974187 0.087118 -0.020513 -0.031320 
356469749526680 -0.198823 -0.093096 -0.047205 0.974461 0.087323 -0.019958 -0.030430 
356469782872100 -0.196255 -0.093906 -0.047200 0.974904 0.087711 -0.019481 -0.029525 
356469816172681 -0.194892 -0.094827 -0.047221 0.975087 0.088105 -0.019032 -0.029100 
356469849518099 -0.195412 -0.094838 -0.046982 0.974994 0.088326 -0.019012 -0.028956 
356469882863519 -0.195432 -0.095310 -0.046989 0.974943 0.088459 -0.019079 -0.028909 
356469916208979 -0.195352 -0.096584 -0.046740 0.974846 0.088461 -0.019199 -0.029004 
356469949549047 -0.196182 -0.097995 -0.046965 0.974527 0.080701 -0.006752 -0.018691 
356469982894466 -0.196907 -0.099226 -0.046769 0.974266 0.080570 -0.006835 -0.018817 
356470016223917 -0.197097 -0.099326 -0.046871 0.974213 0.080464 -0.007500 -0.018885 
356470049569336 -0.196561 -0.100023 -0.046965 0.974245 0.080363 -0.007480 -0.018750 
356470082914755 -0.196649 -0.100265 -0.047164 0.974193 0.080322 -0.007452 -0.018712 
356470116269337 -0.196363 -0.099251 -0.047983 0.974314 0.080197 -0.007564 -0.018886 
356470149614755 -0.195436 -0.096482 -0.049141 0.974721 0.080295 -0.007625 -0.018831 
356470149614755 -0.068647 -0.205936 -0.725524 0.653064 0.081154 0.008529 -0.031239 TAG002 
356470182960174 -0.194495 -0.096973 -0.049102 0.974862 0.080175 -0.007482 -0.018564 
356470216305594 -0.193472 -0.098067 -0.048357 0.974994 0.079998 -0.007169 -0.018193 
356470249652490 -0.193113 -0.101196 -0.047047 0.974809 0.079517 -0.006890 -0.017994 
356470282997910 -0.192269 -0.106646 -0.045228 0.974481 0.078823 -0.006580 -0.017769 
356470282997910 -0.059211 -0.210859 -0.722583 0.655673 0.079715 0.009638 -0.030091 TAG001 
356470316343329 -0.191989 -0.108087 -0.044836 0.974396 0.078650 -0.006568 -0.017861 
356470349679057 -0.193058 -0.106452 -0.045744 0.974322 0.078819 -0.006686 -0.018006 
356470383024476 -0.193194 -0.105771 -0.045547 0.974379 0.078803 -0.006780 -0.018140 
356470416369936 -0.194405 -0.104959 -0.045502 0.974228 0.078677 -0.006849 -0.018330 
356470449709217 -0.195126 -0.104091 -0.045926 0.974157 0.078678 -0.006726 -0.018263 
356470483054636 -0.194467 -0.104136 -0.046576 0.974253 0.078600 -0.006383 -0.017995 
356470516397689 -0.192792 -0.104657 -0.047075 0.974506 0.078645 -0.006049 -0.017634 
356470549743107 -0.191974 -0.104315 -0.047545 0.974681 0.078736 -0.005794 -0.017374 
356470583088527 -0.192328 -0.104072 -0.048211 0.974605 0.078966 -0.005709 -0.017310 
356470616435636 -0.192850 -0.104327 -0.048607 0.974455 0.079534 -0.005779 -0.017280 
356470649781095 -0.193847 -0.105391 -0.048923 0.974127 0.079982 -0.005844 -0.017442 
356470683126515 -0.195166 -0.106631 -0.048927 0.973728 0.080398 -0.006011 -0.017708 
356470716489357 -0.195953 -0.105720 -0.049163 0.973657 0.080818 -0.006245 -0.017810 
356470749834776 -0.195892 -0.105929 -0.049513 0.973629 0.081080 -0.006350 -0.017860 
356470783180195 -0.197229 -0.106122 -0.049984 0.973314 0.081187 -0.006502 -0.018150 
356470816525615 -0.199024 -0.106167 -0.050659 0.972909 0.081179 -0.006709 -0.018566 
356470849864654 -0.199601 -0.105965 -0.051800 0.972753 0.081245 -0.006931 -0.018633 
356470883210073 -0.200254 -0.106485 -0.052924 0.972501 0.081099 -0.007167 -0.018875 
356470916555493 -0.202391 -0.107629 -0.053035 0.971926 0.080905 -0.007480 -0.019233 
356470949897907 -0.204997 -0.106280 -0.053711 0.971492 0.080789 -0.007900 -0.019662 
356470983243327 -0.206558 -0.104347 -0.053716 0.971370 0.080904 -0.008252 -0.020141 
356471016606444 -0.208216 -0.100957 -0.053612 0.971380 0.081013 -0.008698 -0.020719 
356471049951903 -0.208502 -0.098607 -0.053563 0.971563 0.081086 -0.008823 -0.020836 
356471083297323 -0.207350 -0.096177 -0.053489 0.972057 0.081246 -0.008684 -0.020566 
356471116640681 -0.205152 -0.094063 -0.054073 0.972698 0.081308 -0.008475 -0.020163 
356471116640681 -0.077214 -0.211121 -0.727578 0.648148 0.082328 0.007434 -0.032871 TAG001 TAG002 
356471149986100 -0.202641 -0.092296 -0.055017 0.973340 0.081393 -0.008185 -0.019661 
356471183331519 -0.200547 -0.092573 -0.055491 0.973721 0.081446 -0.007875 -0.019140 
356471216667579 -0.199430 -0.092314 -0.055430 0.973978 0.081594 -0.007742 -0.018742 
356471250012997 -0.199634 -0.092519 -0.054895 0.973947 0.081520 -0.007633 -0.018520 
356471250012997 -0.074414 -0.206121 -0.729041 0.648441 0.082527 0.008421 -0.031046 TAG001 TAG002 
356471283358417 -0.198421 -0.091357 -0.055046 0.974296 0.081558 -0.007626 -0.018348 
356471316720114 -0.197453 -0.091348 -0.055256 0.974482 0.081620 -0.007790 -0.018153 
356471350065573 -0.198211 -0.091314 -0.054601 0.974368 0.081580 -0.007881 -0.018275 
356471383410993 -0.198951 -0.092141 -0.053458 0.974203 0.081467 -0.007975 -0.018562 
356471416764461 -0.200100 -0.093746 -0.052343 0.973875 0.081323 -0.007908 -0.018585 
356471450109880 -0.201027 -0.093516 -0.052136 0.973717 0.081210 -0.008008 -0.018959 
356471483455299 -0.201912 -0.092156 -0.051815 0.973680 0.081233 -0.008110 -0.019387 
356471516798707 -0.202348 -0.091446 -0.051607 0.973668 0.080967 -0.008038 -0.019597 
356471550144167 -0.202293 -0.091327 -0.051420 0.973701 0.080622 -0.008039 -0.019859 
356471583489586 -0.201095 -0.090381 -0.050758 0.974072 0.080215 -0.007833 -0.019886 
356471616825930 -0.198904 -0.088667 -0.049914 0.974723 0.079700 -0.007453 -0.019518 
356471650190677 -0.195302 -0.087071 -0.050007 0.975590 0.079230 -0.006995 -0.018987 
356471683536096 -0.190989 -0.083867 -0.050355 0.976706 0.078834 -0.006489 -0.018387 
356471716881516 -0.186392 -0.080143 -0.050847 0.977880 0.078530 -0.005974 -0.017700 
356471750286856 -0.183042 -0.077304 -0.051691 0.978697 0.078168 -0.005592 -0.017348 
356471783632317 -0.184122 -0.078862 -0.051445 0.978383 0.078002 -0.005598 -0.017324 
