# Created at Wed May 28 22:16:26 GMT+09:00 2025 in Burnaby Canada 
124009486554577 0.000000 0.000000 0.000000 1.000000 0.000000 0.000000 0.000000 
124009654092672 -0.000523 -0.000385 -0.001260 0.999999 -0.000403 -0.000744 0.001929 
124009754053927 0.001247 -0.000556 -0.001484 0.999998 -0.000722 -0.000766 0.002958 
124009854016665 0.003175 -0.000106 -0.002237 0.999992 -0.000865 0.000006 0.004365 
124010020617904 0.008949 0.000592 -0.002718 0.999956 -0.001087 0.001707 0.006728 
124010086321101 0.011221 0.001349 -0.002643 0.999933 -0.001294 0.002337 0.007838 
124010219589026 0.014530 0.001776 -0.004076 0.999885 -0.001229 0.003468 0.009499 
124010320485341 0.017395 0.001556 -0.005235 0.999834 -0.000861 0.004054 0.010421 
124010419512099 0.022397 0.001677 -0.005175 0.999734 -0.000685 0.005442 0.011608 
124010519472874 0.026160 0.001523 -0.005739 0.999640 -0.000478 0.007533 0.012638 
124010619435998 0.028658 0.001207 -0.007210 0.999563 -0.000232 0.009174 0.013178 
124010686079076 0.030576 0.000990 -0.007891 0.999501 0.000095 0.009832 0.013439 
124010820297407 0.034752 0.001002 -0.008623 0.999358 0.000454 0.011711 0.013895 
124010921217362 0.035745 0.000923 -0.008833 0.999321 0.000398 0.012425 0.014101 
124011021178581 0.038930 0.000467 -0.010486 0.999187 0.000706 0.013616 0.013960 
124011087818581 0.042000 0.000184 -0.010940 0.999058 0.000754 0.014669 0.013721 
124011187775190 0.048879 -0.000435 -0.013444 0.998714 0.001075 0.017814 0.013535 
124011254428997 0.055147 -0.000989 -0.015037 0.998364 0.001343 0.021241 0.013410 
124011354374292 0.062416 -0.001652 -0.018794 0.997872 0.001792 0.027095 0.012467 
124011454301662 0.069385 0.000496 -0.021395 0.997360 0.001327 0.032970 0.011294 
124011520983719 0.074363 0.001860 -0.022305 0.996980 0.000500 0.037370 0.009483 
124011620907213 0.084176 0.001395 -0.025100 0.996134 -0.000173 0.045419 0.005415 
124011687547213 0.094024 0.000094 -0.028187 0.995171 0.000176 0.052661 0.001898 
124011787472154 0.109105 -0.002455 -0.035971 0.993376 0.001231 0.066456 -0.004912 
124011854198681 0.118014 -0.004043 -0.042964 0.992074 0.002121 0.075871 -0.010119 
124011987458926 0.144815 -0.006096 -0.053662 0.987984 0.003873 0.096223 -0.021132 
124012087377141 0.166736 -0.005159 -0.059020 0.984220 0.005122 0.112893 -0.028609 
124012187270754 0.195202 -0.006674 -0.063742 0.978667 0.005916 0.129847 -0.035434 
124012287290819 0.228792 -0.006194 -0.069182 0.970994 0.006127 0.146972 -0.040291 
124012353970870 0.249044 -0.007291 -0.072491 0.965748 0.004080 0.158467 -0.042731 
124012453909764 0.289240 -0.005896 -0.077455 0.954100 -0.006340 0.176166 -0.043168 
124012520549764 0.312371 -0.010359 -0.085758 0.946024 -0.019047 0.188929 -0.041213 
124012620559031 0.342569 -0.010223 -0.094202 0.934702 -0.046394 0.208125 -0.030981 
124012687212047 0.363278 -0.009811 -0.102160 0.926011 -0.069549 0.219945 -0.019699 
124012787155008 0.390490 -0.007075 -0.118436 0.912930 -0.103137 0.238277 0.003898 
124012853643817 0.403884 -0.007788 -0.127621 0.905831 -0.123801 0.246439 0.022165 
124012949721610 0.421956 -0.015437 -0.139627 0.895667 -0.150057 0.261904 0.044204 
124013082082955 0.441506 -0.021114 -0.161927 0.882274 -0.175909 0.276759 0.072401 
124013179272890 0.469358 -0.019438 -0.170743 0.866125 -0.189475 0.279560 0.087484 
124013279291915 0.494400 -0.015431 -0.173528 0.851598 -0.202572 0.276057 0.102387 
124013379328180 0.515202 -0.012995 -0.178918 0.838085 -0.217157 0.270505 0.118586 
124013512750216 0.562401 -0.001130 -0.172035 0.808769 -0.236674 0.257126 0.141951 
124013579436625 0.585754 -0.003621 -0.173038 0.791793 -0.242375 0.254795 0.153548 
124013679324637 0.604240 -0.006844 -0.176878 0.776892 -0.247199 0.253284 0.170508 
124013745945374 0.612403 -0.013498 -0.181210 0.769378 -0.247910 0.254626 0.177814 
124013846105966 0.626026 -0.023939 -0.191634 0.755510 -0.245507 0.257951 0.185451 
124013912745966 0.632852 -0.029217 -0.195394 0.748642 -0.243677 0.260949 0.189597 
124013979405456 0.640269 -0.033434 -0.195774 0.742032 -0.241206 0.265243 0.192302 
124014046115171 0.647376 -0.035863 -0.194645 0.736024 -0.240755 0.270209 0.195750 
124014112755171 0.655947 -0.036939 -0.192198 0.728992 -0.240115 0.274929 0.199821 
124014179365649 0.661848 -0.038515 -0.191663 0.723698 -0.237468 0.281576 0.203193 
124014246034411 0.662555 -0.041218 -0.194499 0.722144 -0.235271 0.289084 0.208305 
124014312674411 0.656520 -0.039099 -0.196958 0.727090 -0.232165 0.298173 0.213909 
124014412633963 0.640140 -0.036737 -0.193149 0.742674 -0.226237 0.321054 0.221656 
124014479472857 0.622498 -0.036071 -0.189742 0.758415 -0.220370 0.345974 0.227860 
124014546112857 0.607328 -0.038029 -0.185612 0.771528 -0.215008 0.372294 0.236768 
124014646037741 0.584595 -0.040829 -0.176806 0.790773 -0.208988 0.418430 0.256054 
124014712689211 0.572448 -0.041744 -0.165774 0.801923 -0.205390 0.455175 0.274060 
124014812682885 0.547578 -0.039198 -0.139005 0.824197 -0.202348 0.513237 0.306950 
124014879213387 0.512382 -0.030939 -0.115623 0.850376 -0.199862 0.552774 0.333933 
124014945853387 0.464250 -0.023999 -0.094642 0.880306 -0.202509 0.590033 0.362081 
124015045661659 0.404648 -0.029155 -0.079495 0.910544 -0.210330 0.639975 0.403474 
124015145642882 0.376683 -0.071411 -0.084375 0.919724 -0.217279 0.680420 0.438055 
124015212084917 0.364889 -0.074234 -0.075168 0.925038 -0.226243 0.691606 0.458008 
124015278842445 0.348784 -0.074314 -0.076030 0.931153 -0.234764 0.700613 0.473524 
124015345482445 0.326729 -0.073972 -0.074612 0.939260 -0.240602 0.708419 0.484063 
124015412090543 0.313664 -0.075185 -0.067854 0.944117 -0.241576 0.708630 0.489825 
124015478603199 0.306590 -0.085919 -0.063782 0.945808 -0.242104 0.710556 0.500531 
124015582344446 0.305613 -0.092679 -0.059904 0.945739 -0.239585 0.724921 0.501212 
124015648984446 0.309751 -0.091128 -0.064281 0.944255 -0.237444 0.735394 0.503179 
124015748023001 0.309606 -0.086641 -0.069347 0.944367 -0.235803 0.753484 0.503977 
124015847996780 0.317417 -0.084982 -0.076076 0.941402 -0.230659 0.772375 0.505027 
124015947945787 0.334093 -0.074293 -0.078954 0.936284 -0.224617 0.791118 0.505953 
124016047964263 0.314562 -0.069402 -0.078101 0.943469 -0.220721 0.814327 0.493619 
124016147926951 0.288679 -0.071253 -0.072735 0.951997 -0.216875 0.840524 0.472437 
124016246967508 0.257075 -0.061293 -0.063949 0.962323 -0.213790 0.867608 0.447360 
124016348751322 0.234142 -0.066061 -0.054549 0.968420 -0.217720 0.894698 0.416679 
124016415425105 0.208622 -0.075003 -0.049949 0.973836 -0.223206 0.910802 0.395976 
124016515409198 0.191298 -0.078691 -0.042595 0.977445 -0.234364 0.934159 0.368943 
124016615523889 0.177879 -0.069815 -0.037037 0.980874 -0.243828 0.952123 0.348001 
124016682058212 0.171993 -0.078720 -0.037348 0.981237 -0.248612 0.964800 0.331177 
124016783913047 0.157193 -0.082553 -0.035958 0.983454 -0.254599 0.983414 0.307568 
124016882837284 0.137240 -0.090629 -0.036748 0.985698 -0.257974 1.000811 0.280266 
124016982790799 0.112737 -0.095154 -0.033042 0.988506 -0.263247 1.019334 0.247278 
124017078002572 0.090166 -0.099028 -0.027470 0.990610 -0.267274 1.036663 0.215150 
124017144636584 0.071568 -0.101556 -0.025353 0.991928 -0.271784 1.050229 0.191465 
124017281668425 0.044038 -0.100450 -0.016524 0.993830 -0.283718 1.082118 0.144579 
124017348315519 0.031561 -0.100986 -0.014670 0.994279 -0.288585 1.096831 0.126083 
124017482432951 0.009367 -0.102246 -0.007449 0.994687 -0.298370 1.119107 0.086504 
124017649979451 -0.009206 -0.101346 -0.000732 0.994808 -0.308948 1.133378 0.040910 
124017749940777 -0.019858 -0.104104 0.002145 0.994366 -0.315880 1.134107 0.008656 
124017849883966 -0.025469 -0.108615 0.002545 0.993754 -0.320892 1.133235 -0.031859 
124017949857830 -0.027337 -0.108452 0.004246 0.993717 -0.325803 1.126426 -0.074190 
124018049832091 -0.024775 -0.102836 0.003601 0.994383 -0.336005 1.116473 -0.120421 
124018183202101 -0.020986 -0.101685 0.007735 0.994565 -0.361679 1.096918 -0.183045 
124018249845055 -0.012228 -0.094110 0.008684 0.995449 -0.374645 1.086360 -0.210011 
124018349829809 -0.008288 -0.079156 0.001642 0.996826 -0.388339 1.074986 -0.247364 
124018449878439 -0.003059 -0.087980 -0.000704 0.996117 -0.397548 1.066547 -0.280476 
124018548852846 -0.003888 -0.084098 -0.003040 0.996445 -0.405916 1.062357 -0.311041 
124018715399044 -0.000020 -0.086034 -0.006901 0.996268 -0.415291 1.063019 -0.367123 
124018814430576 0.000975 -0.082848 -0.007720 0.996532 -0.422865 1.067458 -0.408934 
124018915287661 -0.001573 -0.077018 -0.009273 0.996985 -0.432788 1.073182 -0.459067 
124019015244013 -0.001389 -0.068212 -0.010302 0.997617 -0.446509 1.080666 -0.510527 
124019115216112 -0.006442 -0.059691 -0.008770 0.998158 -0.468321 1.088861 -0.565138 
124019216146883 -0.009184 -0.053350 -0.005799 0.998517 -0.494616 1.093433 -0.617675 
124019317997293 -0.011460 -0.038150 0.001298 0.999205 -0.518340 1.098432 -0.667699 
124019451327021 -0.014527 -0.032214 -0.000185 0.999375 -0.542732 1.104415 -0.733008 
124019584625662 -0.012716 -0.026798 0.000496 0.999560 -0.562149 1.102854 -0.799469 
124019717939228 -0.010823 -0.020451 -0.000606 0.999732 -0.581451 1.097978 -0.875527 
124019817848473 -0.004890 -0.010644 -0.004876 0.999919 -0.599336 1.092507 -0.933684 
124019917815639 0.002673 -0.009145 -0.010712 0.999897 -0.620914 1.085253 -0.993447 
124020084515479 0.023794 -0.004992 -0.007361 0.999677 -0.659040 1.075438 -1.080950 
124020151026065 0.035555 -0.002868 -0.012545 0.999285 -0.670796 1.075322 -1.114425 
124020317664579 0.043034 -0.004928 -0.018334 0.998893 -0.691017 1.079862 -1.190794 
124020417646028 0.038866 0.000583 -0.024559 0.998942 -0.698919 1.083830 -1.231096 
124020517600581 0.030398 -0.000652 -0.022229 0.999290 -0.707460 1.088768 -1.279998 
124020517600581 0.030398 -0.000652 -0.022229 0.999290 -0.707460 1.088768 -1.279998 TAG001 
124020617572604 0.017491 0.004899 -0.021373 0.999607 -0.717930 1.094644 -1.334333 
124020717532604 0.015503 0.017370 -0.021926 0.999488 -0.732948 1.106019 -1.386248 
124020817547752 0.007537 0.015091 -0.024427 0.999559 -0.752211 1.119903 -1.438359 
124020950827882 0.003998 0.023709 -0.024691 0.999406 -0.778489 1.133083 -1.501456 
124021050867223 0.005252 0.013645 -0.021887 0.999654 -0.793726 1.138757 -1.550129 
124021184140389 0.007524 0.014615 -0.021295 0.999638 -0.810865 1.143305 -1.612549 
124021284089964 0.017302 0.013358 -0.021716 0.999525 -0.821683 1.142648 -1.660915 
124021384039949 0.034747 0.016264 -0.022530 0.999010 -0.831826 1.139336 -1.711133 
124021484006838 0.045085 0.021893 -0.020230 0.998538 -0.841454 1.131270 -1.757650 
124021617254399 0.055548 0.003253 -0.024983 0.998138 -0.864316 1.118598 -1.828697 
124021717283695 0.064935 0.007064 -0.029476 0.997429 -0.881287 1.111316 -1.873903 
124021817219459 0.078204 0.007823 -0.034078 0.996324 -0.892230 1.106991 -1.916668 
124021883873843 0.078826 0.001745 -0.029905 0.996438 -0.898975 1.104202 -1.942273 
124022017067535 0.085149 0.001458 -0.033398 0.995807 -0.909677 1.105185 -1.991136 
124022150353754 0.082692 -0.005370 -0.028787 0.996145 -0.918326 1.113667 -2.042290 
124022216862854 0.075491 -0.007619 -0.027659 0.996734 -0.921697 1.123477 -2.068961 
124022350124659 0.060797 -0.004205 -0.030144 0.997686 -0.929984 1.148577 -2.126847 
124022450158703 0.060687 -0.001446 -0.032062 0.997641 -0.938226 1.170692 -2.169165 
124022583428319 0.053146 -0.005686 -0.031487 0.998074 -0.958670 1.198575 -2.232497 
124022683393375 0.050563 0.000131 -0.032566 0.998190 -0.974972 1.215255 -2.274150 
124022816660741 0.048709 0.004522 -0.033318 0.998247 -0.990831 1.232523 -2.323471 
124022883334853 0.046033 0.009603 -0.033816 0.998321 -0.997090 1.238711 -2.344980 
124023049976416 0.035702 0.005304 -0.029480 0.998913 -1.007922 1.247364 -2.410021 
124023049976416 0.035702 0.005304 -0.029480 0.998913 -1.007922 1.247364 -2.410021 TAG001 
124023150908312 0.025027 0.005380 -0.029513 0.999237 -1.014356 1.248524 -2.453303 
124023249906175 0.019786 0.010999 -0.022556 0.999489 -1.025427 1.245567 -2.500768 
124023383087493 -0.004430 0.020327 -0.022265 0.999536 -1.044281 1.233054 -2.565903 
124023516348337 -0.008410 0.010344 -0.030714 0.999439 -1.067352 1.217835 -2.630914 
124023582971208 -0.008144 0.019161 -0.037329 0.999086 -1.075109 1.209364 -2.654530 
124023683841538 -0.002202 0.004405 -0.030152 0.999533 -1.084193 1.193854 -2.691909 
124023783786126 -0.014490 0.003015 -0.018535 0.999719 -1.094265 1.173814 -2.727496 
124023883659287 -0.030573 0.000058 -0.011476 0.999467 -1.103490 1.152842 -2.766660 
124024016930456 -0.053413 -0.003218 -0.006547 0.998546 -1.113941 1.129826 -2.825687 
124024150247337 -0.073583 -0.002766 0.002924 0.997281 -1.125615 1.114373 -2.886358 
124024282557636 -0.113556 -0.016812 0.016646 0.993250 -1.138977 1.096476 -2.947146 
124024349344294 -0.130803 -0.015421 0.022286 0.991038 -1.145896 1.084716 -2.975169 
124024482707709 -0.165675 -0.022944 0.037689 0.985193 -1.152457 1.057505 -3.017753 
124024616053107 -0.188722 -0.029211 0.050699 0.980286 -1.157498 1.022757 -3.056566 
124024682684217 -0.196744 -0.030951 0.057399 0.978284 -1.158779 1.002854 -3.072089 
124024783600193 -0.195656 -0.033717 0.060947 0.978196 -1.159789 0.974244 -3.103565 
124024883620957 -0.186345 -0.040405 0.060579 0.979782 -1.161436 0.946149 -3.133179 
124024950260957 -0.180256 -0.047351 0.060109 0.980639 -1.165285 0.927918 -3.151165 
124025049273290 -0.161531 -0.044678 0.054886 0.984327 -1.172507 0.907390 -3.171577 
124025150246461 -0.145500 -0.042746 0.044672 0.987424 -1.176290 0.891972 -3.185108 
124025249295879 -0.141936 -0.044612 0.041850 0.987984 -1.178451 0.873233 -3.201698 
124025382425432 -0.143133 -0.049279 0.046284 0.987392 -1.178908 0.847471 -3.218297 
124025515690109 -0.152796 -0.051342 0.047208 0.985793 -1.180050 0.822045 -3.236115 
124025515690109 -0.152796 -0.051342 0.047208 0.985793 -1.180050 0.822045 -3.236115 TAG001 
124025615647824 -0.161321 -0.052861 0.053658 0.984023 -1.181149 0.799823 -3.251138 
124025715595151 -0.176428 -0.054188 0.059738 0.981004 -1.181227 0.774286 -3.269128 
124025815532144 -0.198359 -0.057886 0.067463 0.976090 -1.180446 0.744343 -3.290975 
124025915502453 -0.228299 -0.058621 0.073442 0.969046 -1.182914 0.711745 -3.310878 
124026015454634 -0.254014 -0.060946 0.077914 0.962129 -1.189002 0.676542 -3.329862 
124026115425446 -0.291541 -0.060329 0.093478 0.950066 -1.194646 0.639017 -3.341460 
124026215420081 -0.335543 -0.057227 0.105763 0.934318 -1.195947 0.602577 -3.346017 
124026282099859 -0.360307 -0.063333 0.111974 0.923921 -1.193190 0.578121 -3.343134 
124026382111091 -0.385386 -0.064220 0.125361 0.911942 -1.188638 0.536885 -3.338604 
124026515300985 -0.419248 -0.065566 0.144075 0.893965 -1.178904 0.477754 -3.322060 
124026615217116 -0.427217 -0.065124 0.149583 0.889309 -1.170049 0.431931 -3.311887 
124026715198006 -0.427129 -0.065671 0.153310 0.888676 -1.164739 0.384988 -3.303712 
124026815122618 -0.428460 -0.062536 0.154547 0.888046 -1.165566 0.342115 -3.293754 
124026915116347 -0.426433 -0.066203 0.149133 0.889681 -1.164810 0.304036 -3.287598 
124026981765832 -0.425527 -0.064853 0.143164 0.891193 -1.162907 0.279246 -3.283689 
124027079894723 -0.429505 -0.070187 0.149995 0.887751 -1.158670 0.246271 -3.276852 
124027178887436 -0.443283 -0.074507 0.155157 0.879702 -1.155241 0.213514 -3.269541 
124027277911297 -0.454862 -0.072483 0.158592 0.873324 -1.152942 0.182623 -3.261941 
124027344503502 -0.466722 -0.071377 0.163903 0.866148 -1.150311 0.161753 -3.258914 
124027444481830 -0.483167 -0.073725 0.170960 0.855504 -1.145396 0.129524 -3.258075 
124027511070758 -0.496266 -0.073036 0.172463 0.847728 -1.143002 0.106600 -3.259233 
124027610939375 -0.513773 -0.070506 0.171354 0.837678 -1.140916 0.072027 -3.263578 
124027710925828 -0.539728 -0.067100 0.171515 0.821446 -1.143905 0.032897 -3.269685 
124027744274666 -0.545717 -0.065875 0.171727 0.817535 -1.146084 0.018281 -3.272405 
124027844195464 -0.564148 -0.062452 0.177268 0.803998 -1.151723 -0.025849 -3.276494 
124027944155464 -0.587033 -0.056034 0.185402 0.786053 -1.154263 -0.065785 -3.275660 
124028010659191 -0.603438 -0.052666 0.188429 0.773035 -1.154773 -0.090493 -3.272784 
124028076312861 -0.616969 -0.053389 0.194600 0.760677 -1.153579 -0.114738 -3.269059 
124028143868804 -0.626201 -0.053555 0.199990 0.751670 -1.151765 -0.139098 -3.263317 
124028243828804 -0.641141 -0.050384 0.206196 0.737484 -1.147739 -0.174229 -3.253644 
124028310353179 -0.648653 -0.049467 0.211411 0.729457 -1.142949 -0.197120 -3.245366 
124028377003545 -0.653809 -0.048592 0.214492 0.723993 -1.138910 -0.226337 -3.239068 
124028476978006 -0.653204 -0.042232 0.214562 0.724917 -1.133913 -0.268448 -3.229490 
124028510298006 -0.654028 -0.037526 0.210215 0.725706 -1.133625 -0.280862 -3.226087 
124028643535439 -0.653799 -0.026998 0.208401 0.726902 -1.138667 -0.337215 -3.206793 
124028743624139 -0.651114 -0.019307 0.198749 0.732241 -1.145868 -0.369754 -3.194085 
124028843624045 -0.653544 -0.016455 0.186584 0.733346 -1.150711 -0.398440 -3.182031 
124028911202586 -0.655123 -0.018797 0.190590 0.730846 -1.152308 -0.415690 -3.174365 
124029043499811 -0.650071 -0.017046 0.191674 0.735104 -1.155240 -0.444208 -3.166328 
124029144482471 -0.650024 -0.021265 0.189479 0.735605 -1.157411 -0.470457 -3.165506 
124029244473488 -0.645720 -0.020363 0.191015 0.739015 -1.158793 -0.499211 -3.165744 
124029344454870 -0.642261 -0.020535 0.193160 0.741464 -1.159094 -0.529799 -3.169719 
124029410225936 -0.641400 -0.018414 0.193913 0.742068 -1.159142 -0.553047 -3.173199 
124029544485031 -0.643092 -0.020023 0.193540 0.740658 -1.158872 -0.610537 -3.186977 
124029645413018 -0.643437 -0.021272 0.192895 0.740492 -1.160018 -0.668410 -3.199058 
124029745350629 -0.646211 -0.012612 0.194461 0.737860 -1.173584 -0.728238 -3.209192 
124029843105840 -0.640169 -0.005836 0.198658 0.742082 -1.203900 -0.789143 -3.215333 
124029909878893 -0.646002 -0.015443 0.204014 0.735406 -1.231353 -0.828620 -3.218282 
124030010674822 -0.649928 -0.019750 0.195977 0.734028 -1.277645 -0.866850 -3.216769 
124030076378683 -0.651410 -0.020734 0.187098 0.735003 -1.306813 -0.885770 -3.214819 
124030176346583 -0.655101 -0.023697 0.181232 0.733101 -1.343077 -0.917573 -3.213614 
124030242926995 -0.661266 -0.032956 0.186590 0.725827 -1.360143 -0.944242 -3.211919 
124030344676545 -0.669586 -0.043605 0.195894 0.715107 -1.375596 -0.995195 -3.209563 
124030445686673 -0.673714 -0.043762 0.193733 0.711802 -1.382546 -1.048898 -3.211841 
124030546620267 -0.683163 -0.042080 0.191612 0.703422 -1.384935 -1.109367 -3.213013 
124030642737523 -0.686187 -0.038627 0.189924 0.701131 -1.394327 -1.170596 -3.207654 
124030742704184 -0.679899 -0.050565 0.205887 0.701990 -1.419696 -1.238318 -3.198055 
124030811281562 -0.678260 -0.054205 0.204537 0.703698 -1.444635 -1.277358 -3.192225 
124030912113178 -0.678474 -0.060026 0.202198 0.703694 -1.478240 -1.329887 -3.187623 
124031013003443 -0.682887 -0.067165 0.196091 0.700502 -1.503762 -1.377955 -3.189211 
124031077747356 -0.679127 -0.071300 0.199344 0.702826 -1.516438 -1.410626 -3.191210 
124031144392351 -0.675523 -0.075917 0.195861 0.706784 -1.528828 -1.443587 -3.194712 
124031244251546 -0.676390 -0.076662 0.185042 0.708786 -1.540196 -1.495507 -3.203257 
124031309972728 -0.675343 -0.077826 0.184932 0.709687 -1.543249 -1.533784 -3.210729 
124031408951483 -0.682590 -0.071818 0.186632 0.702909 -1.545162 -1.597169 -3.219770 
124031544250762 -0.688922 -0.064105 0.186408 0.697517 -1.557938 -1.683086 -3.227756 
124031611014831 -0.697001 -0.061940 0.181310 0.690999 -1.565933 -1.722282 -3.230818 
124031744227634 -0.704294 -0.053969 0.185851 0.683020 -1.570118 -1.800173 -3.235886 
124031844259950 -0.699563 -0.056889 0.197833 0.684278 -1.564693 -1.861423 -3.243808 
124031910876591 -0.699404 -0.061454 0.201994 0.682830 -1.558824 -1.902815 -3.250643 
124032010845561 -0.691858 -0.062980 0.207702 0.688641 -1.550010 -1.970187 -3.259608 
124032078422952 -0.686016 -0.060004 0.205795 0.695291 -1.545655 -2.017123 -3.264583 
124032175577209 -0.689751 -0.057275 0.194659 0.695033 -1.546357 -2.088149 -3.265949 
124032242195513 -0.686177 -0.048892 0.193096 0.699632 -1.553035 -2.138536 -3.262157 
124032308822814 -0.678483 -0.045312 0.201755 0.704913 -1.560421 -2.190506 -3.259861 
124032377311925 -0.677554 -0.038872 0.190169 0.709397 -1.565803 -2.235871 -3.262538 
124032476313229 -0.668810 -0.039757 0.182892 0.719488 -1.567085 -2.297376 -3.269779 
124032542006296 -0.671743 -0.047272 0.188797 0.714760 -1.565891 -2.333117 -3.274837 
124032610580559 -0.670218 -0.053042 0.184731 0.716847 -1.563244 -2.379706 -3.281154 
124032711477950 -0.673169 -0.058097 0.185358 0.713520 -1.555131 -2.447974 -3.288682 
124032777173816 -0.676418 -0.057432 0.185276 0.710516 -1.550142 -2.493033 -3.293458 
124032845754957 -0.680946 -0.055924 0.183772 0.706691 -1.547886 -2.538249 -3.297913 
124032979101955 -0.694720 -0.060330 0.188455 0.691526 -1.557316 -2.619814 -3.301436 
124033179033080 -0.712905 -0.042864 0.198652 0.671168 -1.561715 -2.716291 -3.293499 
124033245718149 -0.719436 -0.041748 0.197937 0.664447 -1.559680 -2.741644 -3.290182 
124033312459038 -0.724432 -0.040304 0.204236 0.657162 -1.557408 -2.769660 -3.282153 
124033412393360 -0.729959 -0.040220 0.211604 0.648665 -1.547628 -2.815908 -3.270094 
124033479033360 -0.732030 -0.044002 0.216457 0.644471 -1.539029 -2.849437 -3.261364 
124033545676852 -0.731960 -0.041341 0.220856 0.643233 -1.531237 -2.887409 -3.250405 
124033612242368 -0.733604 -0.034282 0.219604 0.642202 -1.528138 -2.920567 -3.235071 
124033678858890 -0.729962 -0.035616 0.231529 0.642092 -1.527401 -2.957099 -3.216930 
124033779756281 -0.733792 -0.041101 0.229797 0.638007 -1.530012 -3.005821 -3.197760 
124033845452084 -0.731434 -0.035734 0.222036 0.643761 -1.529063 -3.038134 -3.186588 
124033912189062 -0.727495 -0.028045 0.218252 0.649870 -1.525641 -3.061776 -3.178028 
124033978829062 -0.726307 -0.029701 0.226537 0.648288 -1.519085 -3.086509 -3.171377 
124034045512355 -0.726600 -0.038730 0.237061 0.643704 -1.512174 -3.110419 -3.165807 
124034145323841 -0.733561 -0.045880 0.231305 0.637402 -1.506880 -3.136831 -3.160365 
124034245347566 -0.736387 -0.046793 0.237097 0.631925 -1.502338 -3.163964 -3.152034 
124034345307566 -0.748793 -0.047315 0.236561 0.617340 -1.498198 -3.189359 -3.144283 
124034445408456 -0.770250 -0.048292 0.239385 0.589133 -1.497096 -3.213060 -3.131962 
124034545377340 -0.783383 -0.046397 0.243511 0.569966 -1.497485 -3.233039 -3.122711 
124034611958637 -0.797699 -0.044176 0.246221 0.548726 -1.496646 -3.246283 -3.113913 
124034711942362 -0.815343 -0.041854 0.261485 0.514868 -1.493325 -3.261832 -3.101754 
124034778620420 -0.832452 -0.040928 0.264700 0.485059 -1.492272 -3.264705 -3.091968 
124034845260420 -0.849068 -0.041038 0.269106 0.452749 -1.489459 -3.266461 -3.081332 
124034945266896 -0.872146 -0.043322 0.276865 0.401036 -1.484942 -3.261906 -3.063151 
124035011930756 -0.886237 -0.046692 0.283578 0.363300 -1.480739 -3.253279 -3.049481 
124035074768124 -0.897421 -0.049093 0.290866 0.328058 -1.476489 -3.247605 -3.036012 
124035137611844 -0.907385 -0.049214 0.296491 0.293810 -1.472166 -3.240558 -3.023514 
124035237589066 -0.919295 -0.049290 0.303222 0.246017 -1.467270 -3.221664 -3.007213 
124035270909066 -0.923183 -0.049092 0.303200 0.231067 -1.465995 -3.213986 -3.002495 
124035370867425 -0.931800 -0.044737 0.305848 0.190276 -1.463829 -3.187925 -2.988061 
124035404187425 -0.934530 -0.041945 0.305802 0.177141 -1.464045 -3.178486 -2.983346 
124035504147288 -0.942629 -0.035109 0.299892 0.142419 -1.466562 -3.149119 -2.971274 
124035570787288 -0.946104 -0.032136 0.297581 0.123695 -1.468700 -3.128502 -2.963788 
124035637427288 -0.948069 -0.028703 0.297977 0.107476 -1.471099 -3.106929 -2.956475 
124035704067288 -0.951235 -0.019215 0.295028 0.087985 -1.474302 -3.084517 -2.950531 
124035770707288 -0.953399 -0.014761 0.294280 0.064902 -1.475885 -3.062886 -2.945657 
124035837359886 -0.954662 -0.016335 0.293437 0.047424 -1.477495 -3.040927 -2.951273 
124035941125778 -0.956277 -0.013872 0.291142 0.024060 -1.481294 -3.009760 -2.950722 
124036007740851 -0.957424 -0.011532 0.288334 0.008330 -1.490108 -2.981318 -2.956645 
124036074380851 -0.957455 -0.010320 0.288355 -0.004982 -1.491931 -2.960817 -2.957639 
124036140027224 -0.956794 -0.008638 0.290025 -0.018873 -1.493753 -2.939056 -2.958865 
124036207633151 -0.956623 -0.006960 0.289272 -0.033861 -1.492625 -2.927036 -2.961137 
124036274273151 -0.955978 -0.005366 0.289460 -0.047861 -1.494084 -2.906683 -2.963683 
124036340910317 -0.955187 -0.003990 0.289342 -0.062312 -1.494025 -2.893688 -2.967343 
124036440848601 -0.953320 -0.001244 0.289965 -0.084259 -1.495542 -2.858038 -2.971915 
124036507497019 -0.951730 0.000216 0.290057 -0.100380 -1.495623 -2.836557 -2.976550 
124036575054222 -0.949432 0.001724 0.290905 -0.118110 -1.496749 -2.812172 -2.981070 
124036670284658 -0.944952 0.004256 0.290907 -0.149738 -1.497022 -2.777602 -2.988471 
124036743569717 -0.939610 0.005119 0.293188 -0.176485 -1.497404 -2.751597 -2.993569 
124036811145278 -0.935346 0.004101 0.290951 -0.201145 -1.498990 -2.727940 -2.998592 
124036877919706 -0.931527 0.005551 0.286789 -0.223559 -1.501235 -2.710486 -3.004682 
124036976921010 -0.924093 0.011948 0.284266 -0.255153 -1.503705 -2.680688 -3.011446 
124037044528290 -0.917727 0.015255 0.283443 -0.277859 -1.504710 -2.656538 -3.015344 
124037203549156 -0.898877 0.018955 0.281753 -0.335076 -1.504866 -2.600379 -3.022800 
124037303673832 -0.883852 0.019465 0.280423 -0.373883 -1.505195 -2.564469 -3.025856 
124037374161086 -0.873549 0.020460 0.280345 -0.397367 -1.503905 -2.538095 -3.024670 
124037508397949 -0.853985 0.022565 0.280197 -0.437825 -1.499735 -2.488038 -3.016449 
124037575996645 -0.844637 0.021893 0.278288 -0.456799 -1.496850 -2.459364 -3.010235 
124037641702839 -0.836530 0.018483 0.273204 -0.474590 -1.492441 -2.438629 -2.999769 
124037711201545 -0.826502 0.018681 0.274659 -0.491028 -1.487786 -2.413822 -2.986763 
124037811241201 -0.815391 0.015323 0.275788 -0.508766 -1.485788 -2.370072 -2.970049 
124037907409027 -0.801134 0.008658 0.267799 -0.535157 -1.484951 -2.332816 -2.961187 
124037974321516 -0.788773 0.013125 0.274840 -0.549661 -1.482510 -2.305353 -2.956750 
124038077287989 -0.773584 0.006896 0.275746 -0.570513 -1.480680 -2.280692 -2.955759 
124038144836453 -0.761190 0.006782 0.275572 -0.587030 -1.478397 -2.259421 -2.956945 
124038211374996 -0.751954 0.007263 0.276461 -0.598399 -1.477339 -2.235084 -2.961188 
124038311726199 -0.739449 0.007621 0.277263 -0.613419 -1.473400 -2.184810 -2.968453 
124038380295259 -0.733027 0.009519 0.278001 -0.620723 -1.470475 -2.144755 -2.975720 
124038480743439 0.728165 -0.007880 -0.275438 0.627573 -1.468834 -2.079259 -2.990034 
124038579712566 0.732905 -0.007469 -0.267857 0.625337 -1.475065 -2.011808 -3.003363 
124038677538047 0.732927 -0.013932 -0.272266 0.623294 -1.484121 -1.935883 -3.010897 
124038777918448 -0.738047 0.007411 0.272779 -0.617109 -1.493576 -1.874364 -3.015942 
124038879845284 -0.741333 0.006059 0.267416 -0.615530 -1.498416 -1.814925 -3.021360 
124038946956919 -0.739409 0.014598 0.269082 -0.616973 -1.494676 -1.775321 -3.023684 
124039080119484 0.732346 -0.018459 -0.275909 0.622256 -1.483750 -1.689483 -3.024095 
124039179968282 0.727952 -0.020463 -0.276476 0.627079 -1.474607 -1.619510 -3.022051 
124039279384863 0.721480 -0.016470 -0.274929 0.635303 -1.466113 -1.543232 -3.018313 
124039378299668 0.708334 -0.026708 -0.274221 0.649886 -1.469488 -1.459923 -3.013455 
124039472815694 0.695212 -0.019445 -0.265848 0.667553 -1.481373 -1.391671 -3.007760 
124039572729225 0.673006 -0.016620 -0.263968 0.690730 -1.490190 -1.332458 -3.008056 
124039672702283 0.663374 -0.013727 -0.260794 0.701237 -1.493156 -1.273671 -3.011627 
124039772844561 0.651626 -0.020959 -0.260382 0.712141 -1.489239 -1.210571 -3.017772 
124039843611896 0.644168 -0.022873 -0.260282 0.718872 -1.485322 -1.158654 -3.022772 
124039943569213 0.644314 -0.030913 -0.252529 0.721202 -1.481321 -1.090086 -3.035243 
124040076870146 0.635636 -0.048357 -0.255620 0.726833 -1.490904 -0.995193 -3.045138 
124040210195267 0.639612 -0.037464 -0.239865 0.729355 -1.504683 -0.921847 -3.045052 
124040310238480 0.623061 -0.045919 -0.242876 0.742090 -1.509243 -0.871432 -3.042753 
124040410174862 0.612565 -0.042802 -0.242832 0.750976 -1.508539 -0.818057 -3.042382 
124040543387485 0.586358 -0.046441 -0.236909 0.773241 -1.504034 -0.741652 -3.044522 
124040609944044 0.577254 -0.047106 -0.233304 0.781107 -1.502392 -0.705033 -3.043531 
124040776535685 0.541899 -0.051041 -0.219368 0.809703 -1.501877 -0.620176 -3.036786 
124040877474994 0.516793 -0.054000 -0.208050 0.828689 -1.503963 -0.582134 -3.039307 
124041009727287 0.498254 -0.054484 -0.202893 0.841195 -1.504430 -0.533884 -3.044768 
124041009727287 0.498254 -0.054484 -0.202893 0.841195 -1.504430 -0.533884 -3.044768 TAG001 
124041109650169 0.490831 -0.056469 -0.200497 0.845989 -1.502441 -0.500452 -3.051635 
124041210123901 0.486781 -0.055128 -0.199271 0.848703 -1.490725 -0.464127 -3.058343 
124041310083253 0.487223 -0.045279 -0.196268 0.849731 -1.467668 -0.421451 -3.067311 
124041410071657 0.485647 -0.030120 -0.191160 0.852466 -1.431829 -0.373185 -3.082326 
124041510027781 0.486300 -0.023792 -0.177867 0.855166 -1.389338 -0.330293 -3.107687 
124041643306060 0.481830 -0.024567 -0.178892 0.857458 -1.350817 -0.264104 -3.135713 
124041743182227 0.475119 -0.043975 -0.191909 0.857612 -1.339382 -0.219332 -3.153390 
124041843022083 0.477725 -0.034294 -0.189623 0.857115 -1.333631 -0.178357 -3.160010 
124041942513486 0.477637 -0.039020 -0.190097 0.856857 -1.317724 -0.135737 -3.166173 
124042075730262 0.488006 -0.031628 -0.192031 0.850866 -1.274362 -0.066710 -3.171027 
124042176177706 0.500375 -0.022908 -0.191670 0.844016 -1.223163 -0.006189 -3.170301 
124042276593870 0.515688 -0.017709 -0.183380 0.836734 -1.160495 0.064113 -3.166667 
124042377066659 0.540826 -0.026211 -0.180392 0.821144 -1.110950 0.144806 -3.158966 
124042476294527 0.565768 -0.063705 -0.212009 0.794292 -1.086508 0.227589 -3.144857 
124042575772715 0.578561 -0.052683 -0.224514 0.782359 -1.089982 0.294683 -3.127311 
124042709097735 0.593139 -0.033936 -0.221889 0.773175 -1.089897 0.375326 -3.110167 
124042806345055 0.608640 -0.040456 -0.229550 0.758437 -1.082622 0.444358 -3.104827 
124042871423578 0.620508 -0.039890 -0.227136 0.749525 -1.080768 0.485822 -3.098235 
124042971353556 0.629106 -0.035582 -0.229568 0.741794 -1.082383 0.555876 -3.087607 
124043071311780 0.656659 -0.041232 -0.235341 0.715342 -1.088167 0.621028 -3.069511 
124043138444203 0.673492 -0.036895 -0.239042 0.698502 -1.085669 0.661228 -3.055461 
124043271180615 0.686264 -0.040979 -0.256380 0.679435 -1.075980 0.738699 -3.025349 
124043337846990 0.698673 -0.039509 -0.261275 0.664853 -1.069082 0.772973 -3.007318 
124043471129281 0.712486 -0.037575 -0.267868 0.647455 -1.051133 0.845217 -2.965400 
124043537832349 0.715435 -0.033831 -0.267544 0.644537 -1.043071 0.881106 -2.942364 
124043671155611 0.721652 -0.032770 -0.267927 0.637464 -1.030913 0.956353 -2.888722 
124043737729375 0.723382 -0.039498 -0.280262 0.629771 -1.027626 0.992572 -2.859134 
124043871053663 0.722305 -0.030796 -0.283902 0.629862 -1.015403 1.053322 -2.809251 
124043971073144 -0.733048 0.031740 0.296826 -0.611169 -0.999993 1.095985 -2.771711 
124044071019048 -0.738325 0.036179 0.302083 -0.601924 -0.983223 1.141775 -2.732526 
124044171071321 -0.747565 0.038033 0.299259 -0.591730 -0.972343 1.188735 -2.693587 
124044236710017 -0.750426 0.038274 0.293775 -0.590841 -0.968464 1.220701 -2.669776 
124044333601077 -0.754523 0.032510 0.292685 -0.586492 -0.966946 1.270651 -2.636068 
124044433589165 -0.762145 0.041859 0.292826 -0.575879 -0.973717 1.315814 -2.605440 
124044533564524 -0.771629 0.032940 0.289345 -0.565494 -0.975990 1.353390 -2.576334 
124044633540341 -0.767297 0.037736 0.290640 -0.570403 -0.973931 1.391478 -2.550883 
124044766757436 -0.764615 0.039026 0.289339 -0.574564 -0.967101 1.453029 -2.512075 
124044866870471 -0.752046 0.041598 0.281630 -0.594458 -0.961737 1.499796 -2.487047 
124044966821944 0.736649 -0.047378 -0.269869 0.618284 -0.958018 1.551657 -2.462793 
124045066827108 0.719741 -0.045787 -0.254095 0.644447 -0.956470 1.604098 -2.440595 
124045166724576 0.706609 -0.049230 -0.234322 0.665863 -0.959916 1.656330 -2.423103 
124045299990371 0.701434 -0.041486 -0.217640 0.677423 -0.965361 1.718927 -2.404665 
124045399844679 0.696597 -0.033063 -0.211129 0.684897 -0.968855 1.758186 -2.392914 
124045499949336 0.684138 -0.023896 -0.212563 0.697281 -0.968152 1.792468 -2.384241 
124045633212857 0.668555 -0.029277 -0.216310 0.710906 -0.964363 1.840798 -2.381709 
124045733731239 0.661975 -0.049318 -0.215233 0.716262 -0.963336 1.884803 -2.386783 
124045834165367 0.659556 -0.059203 -0.219505 0.716448 -0.959917 1.925693 -2.396034 
124046000280902 0.659930 -0.072080 -0.229249 0.711858 -0.958661 2.005050 -2.409748 
124046099791308 0.635726 -0.066599 -0.233224 0.732819 -0.962764 2.056096 -2.421386 
124046199758833 0.621356 -0.063866 -0.230652 0.746081 -0.971510 2.100831 -2.436857 
124046299838239 0.602291 -0.062212 -0.225294 0.763294 -0.981054 2.140513 -2.455721 
124046399641338 0.577352 -0.065457 -0.215370 0.784854 -0.992460 2.174898 -2.478719 
124046500221006 0.548164 -0.068272 -0.202019 0.808729 -1.005740 2.196601 -2.506394 
124046599631357 0.503341 -0.059981 -0.188424 0.841158 -1.019852 2.221198 -2.531853 
124046666271357 0.466678 -0.048736 -0.176411 0.865284 -1.028621 2.236584 -2.548357 
124046732833081 0.431731 -0.045823 -0.172054 0.884254 -1.035925 2.257727 -2.563614 
124046834809903 0.383387 -0.044279 -0.168148 0.907072 -1.045526 2.286583 -2.584031 
124046935816745 0.338201 -0.047432 -0.159549 0.926237 -1.057813 2.313313 -2.598944 
124047002922704 0.302104 -0.055099 -0.149125 0.939925 -1.068529 2.325914 -2.610535 
124047103401170 0.262078 -0.053073 -0.126133 0.955295 -1.089750 2.333990 -2.622028 
124047136818958 0.245350 -0.050747 -0.119197 0.960739 -1.097381 2.332437 -2.627552 
124047303435295 0.154676 -0.047193 -0.095837 0.982173 -1.125010 2.326478 -2.660155 
124047407404304 0.102316 -0.043950 -0.075872 0.990880 -1.140942 2.314641 -2.680058 
124047507389121 0.070100 -0.038379 -0.063585 0.994771 -1.150802 2.299616 -2.694209 
124047573969704 0.045945 -0.041077 -0.058405 0.996389 -1.154691 2.288929 -2.704149 
124047673935546 0.007429 -0.050812 -0.048154 0.997519 -1.156715 2.273394 -2.718234 
124047773899045 -0.011780 -0.051129 -0.040172 0.997814 -1.158319 2.265030 -2.726715 
124047873751828 -0.048142 -0.060183 -0.019543 0.996834 -1.161997 2.258476 -2.737101 
124047973737286 -0.084677 -0.050449 -0.005259 0.995117 -1.165145 2.254091 -2.739552 
124048073637060 -0.123084 -0.056551 0.007579 0.990755 -1.167212 2.250949 -2.742448 
124048174103335 -0.150713 -0.057558 0.016321 0.986766 -1.167067 2.250827 -2.740468 
124048241230908 -0.169883 -0.060931 0.023976 0.983286 -1.166227 2.250036 -2.739041 
124048308402049 -0.182834 -0.058008 0.027974 0.981032 -1.164804 2.249396 -2.737240 
124048408325794 -0.202962 -0.054874 0.037969 0.976910 -1.164376 2.247345 -2.734458 
124048508776475 -0.216408 -0.051697 0.050421 0.973629 -1.163672 2.242985 -2.733705 
124048609269929 -0.224898 -0.048205 0.056188 0.971566 -1.160781 2.239881 -2.735230 
124048675920998 -0.231578 -0.044441 0.055773 0.970199 -1.160031 2.239640 -2.736504 
124048775903233 -0.241784 -0.043942 0.056815 0.967668 -1.161223 2.240315 -2.740814 
124048875863233 -0.249821 -0.041482 0.055641 0.965802 -1.162079 2.242538 -2.744333 
124048942467673 -0.249905 -0.043371 0.054179 0.965780 -1.160842 2.243071 -2.747513 
124048942467673 -0.249905 -0.043371 0.054179 0.965780 -1.160842 2.243071 -2.747513 TAG001 
124049042391447 -0.249796 -0.045422 0.053827 0.965734 -1.159873 2.243928 -2.751222 
124049142351447 -0.250707 -0.045375 0.053557 0.965515 -1.158687 2.244249 -2.751735 
124049208982319 -0.249505 -0.046149 0.053230 0.965807 -1.157960 2.244878 -2.752449 
124049308924942 -0.245960 -0.045390 0.051624 0.966839 -1.156869 2.247010 -2.751697 
124049375555699 -0.245771 -0.044829 0.052390 0.966872 -1.156047 2.247917 -2.750250 
124049475515699 -0.245860 -0.044816 0.054923 0.966710 -1.154596 2.247316 -2.746625 
124049542108925 -0.246718 -0.045176 0.056722 0.966370 -1.153358 2.245995 -2.742721 
124049675405462 -0.253806 -0.044195 0.060941 0.964321 -1.149337 2.240925 -2.734759 
124049742045462 -0.261352 -0.046658 0.065596 0.961881 -1.146178 2.235091 -2.731012 
124049841958751 -0.278293 -0.053177 0.074692 0.956110 -1.141470 2.219302 -2.722057 
124049908572993 -0.294832 -0.052815 0.083151 0.950458 -1.137868 2.204216 -2.711000 
124049975058069 -0.312029 -0.052563 0.089996 0.944339 -1.133821 2.187152 -2.696909 
124050039182335 -0.329906 -0.055161 0.091594 0.937939 -1.128709 2.170144 -2.683178 
124050139143529 -0.358551 -0.061435 0.098986 0.926212 -1.118827 2.140220 -2.660378 
124050301812465 -0.421498 -0.077659 0.123893 0.894963 -1.100917 2.084996 -2.622167 
124050368025274 -0.442418 -0.086726 0.134859 0.882359 -1.091801 2.061996 -2.607656 
124050464981361 -0.468120 -0.093498 0.149567 0.865882 -1.080363 2.029712 -2.587132 
124050534988058 -0.480959 -0.093093 0.162693 0.856471 -1.073193 2.007735 -2.571513 
124050601557725 -0.490683 -0.090933 0.173303 0.849074 -1.067005 1.988627 -2.556897 
124050702338141 -0.504917 -0.089707 0.183665 0.838617 -1.058024 1.959591 -2.540487 
124050770986040 -0.511136 -0.090515 0.190507 0.833219 -1.053106 1.942798 -2.529362 
124050871947344 -0.519192 -0.090372 0.198287 0.826411 -1.045651 1.919217 -2.515717 
124050971797990 -0.526590 -0.090421 0.203161 0.820520 -1.041035 1.898722 -2.496244 
124051071231045 -0.533981 -0.091330 0.209414 0.814045 -1.037994 1.883674 -2.483527 
124051137365405 -0.541153 -0.088796 0.211408 0.809059 -1.035501 1.873089 -2.473194 
124051236301527 -0.553611 -0.086472 0.216541 0.799467 -1.034516 1.861944 -2.461283 
124051336261527 -0.564224 -0.085094 0.224501 0.789943 -1.030467 1.845261 -2.448652 
124051400845557 -0.573592 -0.085048 0.228899 0.781898 -1.025522 1.834770 -2.441232 
124051501286954 -0.592648 -0.085571 0.240933 0.763804 -1.017541 1.812494 -2.428711 
124051602506875 -0.616398 -0.081474 0.252732 0.741311 -1.010931 1.787070 -2.421590 
124051703468179 -0.644278 -0.078444 0.259636 0.715081 -1.006063 1.751176 -2.418636 
124051804932403 -0.673529 -0.081818 0.268281 0.683879 -0.999749 1.706714 -2.418823 
124051905026508 -0.702157 -0.078601 0.277255 0.651097 -0.988745 1.656521 -2.422104 
124052001010196 -0.729613 -0.076501 0.298540 0.610481 -0.969676 1.598407 -2.421364 
124052067641513 -0.746398 -0.071214 0.308097 0.585573 -0.957394 1.557224 -2.419086 
124052201374199 -0.773685 -0.075819 0.322976 0.539768 -0.934736 1.473689 -2.415513 
124052267958727 -0.775697 -0.081125 0.332975 0.529943 -0.925094 1.439345 -2.410527 
124052363306645 -0.787785 -0.077631 0.337304 0.509505 -0.912743 1.395468 -2.398863 
124052463211717 -0.801188 -0.070313 0.340715 0.486895 -0.903170 1.352355 -2.379185 
124052529851717 -0.803845 -0.063392 0.348376 0.477964 -0.898002 1.326799 -2.365889 
124052631776974 -0.821797 -0.061772 0.350956 0.444594 -0.886508 1.284034 -2.346355 
124052699382978 -0.830408 -0.063994 0.357300 0.422687 -0.877637 1.259501 -2.332868 
124052796413349 -0.853295 -0.058940 0.352666 0.379526 -0.867120 1.225336 -2.310907 
124052897458276 -0.850702 -0.058479 0.361075 0.377506 -0.852685 1.190155 -2.289196 
124052963588525 -0.854567 -0.053859 0.360911 0.369538 -0.843006 1.166794 -2.273412 
124053030228525 -0.859363 -0.053114 0.368219 0.350842 -0.830879 1.149150 -2.257457 
124053130474899 -0.863728 -0.044449 0.376723 0.331781 -0.809678 1.116953 -2.229495 
124053196612570 -0.862457 -0.044013 0.382790 0.328180 -0.793369 1.089645 -2.209682 
124053363405475 -0.864042 -0.029898 0.397441 0.307536 -0.760250 1.027714 -2.150956 
124053429565054 -0.864243 -0.015397 0.396746 0.308932 -0.754039 1.006418 -2.126463 
124053531570636 -0.874820 -0.025829 0.403385 0.267026 -0.745527 0.973658 -2.082744 
124053699138507 -0.897563 -0.033802 0.389689 0.203422 -0.733959 0.936905 -1.998806 
124053795871567 -0.902708 -0.044589 0.387839 0.180862 -0.714223 0.918588 -1.938806 
124053896416095 -0.911051 -0.045425 0.374422 0.166526 -0.692155 0.900842 -1.865102 
124053964057399 -0.917122 -0.047005 0.361589 0.161034 -0.677718 0.890534 -1.809640 
124054033057687 -0.914549 -0.050510 0.369870 0.155709 -0.661847 0.877438 -1.746343 
124054133221369 -0.906497 -0.054342 0.390582 0.150847 -0.641331 0.862666 -1.660411 
124054266548449 -0.908509 -0.054506 0.386874 0.148217 -0.617111 0.849690 -1.554102 
124054333253551 -0.910329 -0.057409 0.386058 0.137711 -0.597935 0.841519 -1.497774 
124054433238224 -0.910483 -0.060241 0.386165 0.135157 -0.570172 0.833471 -1.414726 
124054530696115 -0.915797 -0.060866 0.374872 0.130701 -0.544437 0.823412 -1.326992 
124054598287182 -0.920860 -0.064694 0.361239 0.131674 -0.529136 0.816262 -1.264078 
124054699742917 -0.914895 -0.064795 0.378497 0.124534 -0.509934 0.806487 -1.160026 
124054800096355 -0.922384 -0.070386 0.366309 0.100358 -0.499279 0.804368 -1.066785 
124054899548279 -0.921607 -0.059460 0.369224 0.103820 -0.480587 0.807016 -0.972495 
124054966188279 -0.922310 -0.052068 0.367225 0.108530 -0.464341 0.807704 -0.913745 
124055066100952 -0.922766 -0.054269 0.365283 0.110121 -0.435759 0.809765 -0.836132 
124055166049210 -0.924292 -0.058091 0.358842 0.116371 -0.407468 0.816285 -0.756475 
124055265984518 -0.918963 -0.062139 0.369201 0.123838 -0.380817 0.814994 -0.648565 
124055366931239 -0.912209 -0.073848 0.378583 0.138188 -0.364848 0.808220 -0.544117 
124055467952339 -0.908110 -0.071278 0.373849 0.174620 -0.358726 0.804753 -0.472765 
124055601782097 -0.904412 -0.082798 0.373436 0.189020 -0.329532 0.787488 -0.374078 
124055735005037 -0.900903 -0.094169 0.367813 0.210283 -0.288384 0.762925 -0.282958 
124055835495525 -0.902963 -0.096206 0.354364 0.223221 -0.260438 0.738255 -0.205245 
124055935910884 -0.887761 -0.099524 0.385836 0.230448 -0.242260 0.719603 -0.126669 
124056035811537 -0.898888 -0.105449 0.367552 0.213977 -0.226068 0.705979 -0.054312 
124056136292111 -0.882355 -0.100591 0.394646 0.235764 -0.200176 0.691907 0.023694 
124056236271870 -0.868459 -0.107216 0.407619 0.261019 -0.168618 0.677107 0.092549 
124056303052345 -0.857338 -0.117936 0.415050 0.280706 -0.148633 0.664548 0.133816 
124056436594358 -0.844401 -0.118771 0.393353 0.343736 -0.133917 0.641494 0.212202 
124056569730720 -0.817228 -0.130783 0.377156 0.415678 -0.138907 0.623056 0.278442 
124056703051636 -0.795281 -0.136786 0.366080 0.463469 -0.135321 0.597227 0.330452 
124056768214821 -0.786028 -0.137107 0.356593 0.486007 -0.130569 0.584752 0.350384 
124056834506938 -0.772254 -0.139279 0.349425 0.511983 -0.120118 0.565996 0.373202 
124056935457910 -0.762529 -0.150307 0.327989 0.537011 -0.107834 0.535648 0.395793 
124057001607910 -0.749187 -0.152115 0.318866 0.560272 -0.099601 0.513402 0.412300 
124057068669763 -0.735142 -0.164855 0.317898 0.575613 -0.091308 0.485561 0.427984 
124057102451836 -0.720990 -0.177304 0.328140 0.584005 -0.090364 0.470002 0.434624 
124057169091836 -0.709363 -0.174792 0.314103 0.606293 -0.094759 0.447661 0.448854 
124057235362525 -0.697538 -0.164666 0.304575 0.627344 -0.100007 0.424039 0.462756 
124057268682525 -0.683699 -0.162737 0.311536 0.639544 -0.102417 0.412437 0.469739 
124057333810741 -0.673420 -0.154175 0.300403 0.657642 -0.111024 0.393111 0.479232 
124057400450741 -0.661224 -0.144729 0.286570 0.678022 -0.117387 0.372094 0.487147 
124057433740272 -0.650905 -0.142350 0.283753 0.689597 -0.118125 0.358818 0.491756 
124057498867663 -0.635067 -0.141242 0.274497 0.708090 -0.119617 0.334232 0.497047 
124057532188339 -0.627913 -0.141821 0.269793 0.716117 -0.119971 0.320114 0.500388 
124057598828339 -0.611865 -0.143159 0.264849 0.731424 -0.117347 0.292283 0.506635 
124057665554794 -0.590500 -0.149546 0.263466 0.748018 -0.111145 0.259466 0.515164 
124057698906071 -0.582194 -0.154907 0.260093 0.754590 -0.107682 0.243741 0.519663 
124057765546071 -0.556939 -0.171045 0.261646 0.769483 -0.102273 0.216612 0.525042 
124057798802357 -0.543750 -0.177398 0.263041 0.776966 -0.097391 0.204892 0.524499 
124057865442357 -0.516213 -0.185847 0.261431 0.794128 -0.092785 0.185795 0.525234 
124057932014753 -0.491133 -0.197794 0.257486 0.808311 -0.086300 0.172421 0.518530 
124057996162144 -0.458836 -0.203402 0.258653 0.825346 -0.082525 0.163495 0.511597 
124058030419569 -0.441913 -0.204163 0.257195 0.834794 -0.082128 0.159189 0.508386 
124058094545656 -0.411823 -0.206897 0.253911 0.850367 -0.085353 0.156273 0.497152 
124058128408756 -0.397949 -0.209154 0.250206 0.857489 -0.089684 0.159467 0.485542 
124058196050060 -0.371605 -0.215998 0.236451 0.871404 -0.098843 0.161866 0.470615 
124058264050152 -0.338048 -0.223448 0.222593 0.886706 -0.107727 0.169221 0.452664 
124058298371456 -0.322841 -0.232268 0.219509 0.890866 -0.109011 0.170549 0.444985 
124058362897592 -0.306359 -0.254923 0.214613 0.891684 -0.105747 0.171809 0.431065 
124058431601604 -0.294552 -0.289374 0.210476 0.886116 -0.095361 0.172275 0.413994 
124058463920300 -0.289115 -0.308522 0.208166 0.881983 -0.088381 0.171872 0.405525 
124058531596613 -0.284437 -0.332048 0.196769 0.877566 -0.076697 0.168195 0.390500 
124058598236613 -0.272241 -0.333555 0.192316 0.881839 -0.069335 0.161889 0.375401 
124058664968082 -0.269976 -0.339020 0.194417 0.879989 -0.065031 0.144938 0.354055 
124058698508486 -0.272057 -0.340463 0.196511 0.878324 -0.063258 0.135058 0.341297 
124058765148486 -0.279433 -0.334616 0.196804 0.878190 -0.063293 0.106780 0.314359 
124058831847320 -0.285555 -0.336512 0.198549 0.875098 -0.060509 0.069610 0.279152 
124058898487320 -0.300178 -0.350015 0.198796 0.864791 -0.051324 0.025648 0.235398 
124058931747524 -0.312303 -0.354523 0.197053 0.859040 -0.044956 0.001823 0.209204 
124058998387524 -0.329178 -0.360157 0.199476 0.849787 -0.029438 -0.052915 0.154535 
124059031665424 -0.334805 -0.356952 0.200844 0.848618 -0.023086 -0.082095 0.125649 
124059095812815 -0.334359 -0.354227 0.206278 0.848632 -0.017220 -0.133898 0.070561 
124059129547318 -0.331426 -0.350077 0.210071 0.850572 -0.017769 -0.157856 0.044300 
124059197727197 -0.312959 -0.345416 0.221790 0.856478 -0.021972 -0.193185 -0.002410 
124059264857197 -0.288779 -0.348730 0.227194 0.862193 -0.031550 -0.213364 -0.037606 
124059298688501 -0.279917 -0.345969 0.226788 0.866325 -0.037051 -0.219771 -0.051557 
124059364900892 -0.261756 -0.352056 0.231494 0.868304 -0.044418 -0.226744 -0.074600 
124059427485694 -0.242557 -0.356813 0.232462 0.871672 -0.052302 -0.231207 -0.093147 
124059494125694 -0.222354 -0.356290 0.228626 0.878263 -0.060551 -0.231761 -0.104154 
