# Created at Wed May 28 21:31:02 GMT+09:00 2025 in Burnaby Canada 
121286433477927 0.000000 0.000000 0.000000 1.000000 0.000000 0.000000 0.000000 
121286533437927 0.000000 0.000000 0.000000 1.000000 0.000000 0.000000 0.000000 
121286566757927 0.000000 0.000000 0.000000 1.000000 0.000000 0.000000 0.000000 
121286599822275 0.000000 0.000000 0.000000 1.000000 0.000000 0.000000 0.000000 
121286633276961 -0.188556 0.024778 0.014142 0.981648 -0.019626 0.002690 0.013430 
121286666596961 -0.189786 0.022560 0.014637 0.981457 -0.019482 0.002391 0.012962 
121286733436867 -0.191923 0.019201 0.014262 0.981119 -0.019269 0.002083 0.012272 
121286766756867 -0.191876 0.016767 0.014398 0.981170 -0.019095 0.001701 0.011638 
121286800076867 -0.192055 0.016515 0.014273 0.981141 -0.018817 0.001286 0.011088 
121286833214704 -0.193185 0.016454 0.013862 0.980926 -0.018455 0.001015 0.010850 
121286866534704 -0.194149 0.015855 0.013707 0.980748 -0.018294 0.000623 0.010104 
121286899854704 -0.194756 0.014593 0.014232 0.980640 -0.018206 0.000083 0.009316 
121286933050729 -0.194798 0.014520 0.014252 0.980632 -0.018117 -0.000022 0.009474 
121286966370729 -0.193982 0.015422 0.014006 0.980784 -0.018046 -0.000369 0.008943 
121286999690729 -0.193738 0.016557 0.013813 0.980816 -0.017957 -0.000721 0.008377 
121287032946647 -0.193468 0.018267 0.013934 0.980838 -0.017654 -0.001217 0.008326 
121287066266647 -0.192123 0.019239 0.013574 0.981088 -0.017580 -0.001561 0.007848 
121287099586647 -0.191514 0.019594 0.013384 0.981203 -0.017552 -0.001903 0.007281 
121287132904335 -0.192039 0.018800 0.013680 0.981112 -0.017440 -0.002318 0.006962 
121287166224335 -0.191484 0.016802 0.014003 0.981252 -0.017596 -0.002447 0.006468 
121287199544335 -0.189444 0.014185 0.014926 0.981676 -0.017758 -0.002525 0.006040 
121287232890248 -0.187358 0.011585 0.016050 0.982092 -0.017732 -0.002531 0.005906 
121287266210248 -0.185676 0.010048 0.016410 0.982423 -0.017868 -0.002257 0.005709 
121287299530248 -0.183503 0.007458 0.016955 0.982845 -0.018064 -0.001878 0.005446 
121287332822785 -0.181131 0.002349 0.018556 0.983281 -0.019083 -0.001566 0.004961 
121287366142785 -0.177754 -0.003620 0.020101 0.983863 -0.019392 -0.001065 0.004584 
121287399462785 -0.173667 -0.010263 0.021072 0.984525 -0.019738 -0.000386 0.004292 
121287432758405 -0.169842 -0.017395 0.021833 0.985076 -0.020815 0.000319 0.003979 
121287466078405 -0.166591 -0.023945 0.022309 0.985483 -0.021237 0.001084 0.003829 
121287499398405 -0.163002 -0.030086 0.022649 0.985907 -0.021528 0.001872 0.003846 
121287532505127 -0.158403 -0.038258 0.022929 0.986367 -0.022294 0.002819 0.003700 
121287565825127 -0.155053 -0.046320 0.023395 0.986542 -0.022485 0.003587 0.003693 
121287599145127 -0.153372 -0.053381 0.024311 0.986426 -0.022720 0.004263 0.003691 
121287632707794 -0.152162 -0.059372 0.025408 0.986243 -0.023093 0.004823 0.003619 
121287666027794 -0.150908 -0.063447 0.026240 0.986161 -0.023375 0.005319 0.003851 
121287699347794 -0.149950 -0.066100 0.026925 0.986114 -0.023617 0.005721 0.004150 
121287732535133 -0.150082 -0.069314 0.025823 0.985903 -0.022979 0.005328 0.002927 
121287765855133 -0.149924 -0.073574 0.026472 0.985601 -0.023152 0.005547 0.002883 
121287799175133 -0.148649 -0.078172 0.026894 0.985428 -0.023284 0.005742 0.002858 
121287832508633 -0.148032 -0.083240 0.026489 0.985117 -0.023292 0.005698 0.002053 
121287865828633 -0.147623 -0.087973 0.026553 0.984765 -0.023453 0.006101 0.001946 
121287899148633 -0.146240 -0.094555 0.026930 0.984352 -0.023545 0.006681 0.001829 
121287932736847 -0.144479 -0.102204 0.025074 0.983896 -0.023206 0.006484 -0.000153 
121287966056847 -0.142186 -0.111327 0.025254 0.983235 -0.022942 0.007335 -0.000530 
121287999376847 -0.139663 -0.123456 0.025055 0.982153 -0.022366 0.008398 -0.000946 
121288032650971 -0.137072 -0.136456 0.023569 0.980834 -0.022132 0.009105 -0.001075 
121288065970971 -0.135466 -0.149082 0.021952 0.979256 -0.020919 0.010298 -0.001385 
121288099290971 -0.134951 -0.162786 0.019271 0.977199 -0.019176 0.011434 -0.001617 
121288132611226 -0.134463 -0.177148 0.015787 0.974828 -0.017850 0.012349 -0.001946 
121288165931226 -0.133937 -0.192215 0.013343 0.972078 -0.015585 0.013142 -0.002110 
121288199251226 -0.134302 -0.207175 0.010707 0.968982 -0.013022 0.013729 -0.002057 
121288232571226 -0.135154 -0.223186 0.007428 0.965332 -0.009363 0.012833 -0.002246 
121288265843363 -0.135756 -0.239424 0.004965 0.961365 -0.006427 0.012981 -0.002191 
121288299163363 -0.136455 -0.254452 0.002166 0.957408 -0.003382 0.013045 -0.002003 
121288332537913 -0.137498 -0.267892 -0.000031 0.953587 -0.000522 0.012706 -0.001463 
121288365857913 -0.137893 -0.279183 -0.002851 0.950281 0.002392 0.012651 -0.001063 
121288397835739 -0.139584 -0.288277 -0.005578 0.947302 0.005141 0.012558 -0.000680 
121288431742134 -0.141422 -0.296888 -0.007224 0.944354 0.008015 0.012662 0.001300 
121288465850395 -0.143707 -0.304728 -0.010257 0.941480 0.010703 0.012438 0.001948 
121288499170395 -0.145366 -0.311323 -0.012711 0.939034 0.013122 0.012043 0.002575 
121288532426355 -0.147148 -0.316542 -0.015519 0.936967 0.015603 0.011087 0.003710 
121288599066355 -0.148961 -0.330315 -0.021150 0.931802 0.019795 0.009660 0.004964 
121288631975170 -0.151318 -0.337706 -0.024343 0.928690 0.021133 0.008627 0.005366 
121288664485605 -0.153589 -0.345208 -0.027745 0.925458 0.022889 0.007701 0.005650 
121288697528648 -0.156906 -0.352742 -0.030949 0.921952 0.024645 0.006681 0.005797 
121288731125487 -0.159765 -0.359781 -0.033266 0.918655 0.025378 0.005250 0.006724 
121288764722443 -0.161710 -0.366941 -0.035658 0.915387 0.026859 0.004203 0.007070 
121288798042443 -0.163112 -0.374095 -0.038046 0.912140 0.028263 0.003173 0.007442 
121288831596344 -0.165305 -0.380331 -0.041090 0.909029 0.029340 0.001903 0.007793 
121288864085474 -0.168171 -0.385799 -0.044382 0.906040 0.030640 0.000715 0.008293 
121288897382576 -0.171517 -0.391337 -0.048019 0.902846 0.032032 -0.001022 0.008760 
121288962488663 -0.177310 -0.400777 -0.054195 0.897219 0.034475 -0.003964 0.009951 
121288995459162 -0.179081 -0.404437 -0.056324 0.895091 0.035514 -0.005188 0.011161 
121289028779162 -0.181747 -0.407261 -0.058402 0.893138 0.036469 -0.006718 0.011740 
121289061161770 -0.183229 -0.408667 -0.059691 0.892107 0.037241 -0.008110 0.012164 
121289095045540 -0.185393 -0.409524 -0.060783 0.891193 0.037912 -0.008958 0.013176 
121289127769018 -0.187626 -0.410082 -0.062582 0.890344 0.038655 -0.010211 0.013570 
121289161089018 -0.189931 -0.411731 -0.064530 0.888954 0.039490 -0.011599 0.013815 
121289194456843 -0.192913 -0.414198 -0.066823 0.886994 0.040354 -0.012532 0.015213 
121289227776843 -0.196220 -0.418882 -0.069728 0.883840 0.041434 -0.014387 0.015760 
121289261096843 -0.200456 -0.425044 -0.073398 0.879641 0.042756 -0.016513 0.016477 
121289294416843 -0.204629 -0.430345 -0.078607 0.875644 0.044292 -0.018869 0.017329 
121289327913532 -0.209921 -0.436040 -0.083097 0.871147 0.046347 -0.021182 0.018511 
121289358357446 -0.215515 -0.441155 -0.087978 0.866715 0.047963 -0.023700 0.019485 
121289391230054 -0.220282 -0.445039 -0.093599 0.862934 0.049766 -0.026502 0.020632 
121289424608011 -0.225017 -0.448362 -0.099229 0.859356 0.051790 -0.029505 0.022356 
121289457438012 -0.229111 -0.450731 -0.105115 0.856330 0.053331 -0.032256 0.023602 
121289494571489 -0.233247 -0.453003 -0.111987 0.853137 0.055000 -0.035419 0.025047 
121289528002355 -0.237699 -0.454442 -0.117809 0.850354 0.056637 -0.037802 0.026610 
121289561322355 -0.241061 -0.455352 -0.123196 0.848155 0.057948 -0.040361 0.027696 
121289594642355 -0.246164 -0.455546 -0.129162 0.845694 0.059139 -0.042829 0.028686 
121289628045900 -0.251181 -0.455601 -0.134777 0.843310 0.060362 -0.044604 0.029321 
121289661365900 -0.254810 -0.455978 -0.139226 0.841292 0.061210 -0.046770 0.029978 
121289694685900 -0.258454 -0.458290 -0.142407 0.838386 0.061918 -0.048804 0.030462 
121289728031260 -0.261778 -0.460948 -0.145572 0.835349 0.063891 -0.050616 0.031165 
121289761351260 -0.264434 -0.463594 -0.148336 0.832557 0.064499 -0.052259 0.031866 
121289794671260 -0.267365 -0.465536 -0.151266 0.830006 0.065113 -0.053809 0.032729 
121289828223421 -0.269970 -0.467108 -0.154593 0.827663 0.066080 -0.055518 0.033559 
121289861309073 -0.271533 -0.468320 -0.157545 0.825909 0.066771 -0.056748 0.034802 
121289894629073 -0.272933 -0.470046 -0.160346 0.823926 0.067501 -0.057822 0.036257 
121289961181876 -0.275284 -0.474036 -0.164926 0.819944 0.070407 -0.059520 0.039389 
121289993370300 -0.276971 -0.476871 -0.166042 0.817503 0.071734 -0.060091 0.040326 
121290025433344 -0.278828 -0.479628 -0.166726 0.815116 0.072588 -0.060508 0.041243 
121290058305952 -0.279729 -0.482107 -0.167148 0.813257 0.073311 -0.060767 0.041982 
121290090517449 -0.280051 -0.484143 -0.167233 0.811917 0.074094 -0.060777 0.042438 
121290124029215 -0.279712 -0.485958 -0.167303 0.810935 0.074387 -0.060754 0.042869 
121290157562236 -0.279667 -0.487248 -0.167640 0.810107 0.074500 -0.060733 0.043163 
121290191114734 -0.280422 -0.488632 -0.168210 0.808893 0.074816 -0.060955 0.042690 
121290224647755 -0.280856 -0.488405 -0.169280 0.808656 0.074810 -0.061091 0.042770 
121290258180828 -0.280711 -0.488868 -0.169501 0.808380 0.074742 -0.061240 0.042762 
121290291713849 -0.281008 -0.489084 -0.169667 0.808112 0.074647 -0.061345 0.042709 
121290325254083 -0.281281 -0.489347 -0.169964 0.807795 0.074783 -0.061690 0.042433 
121290358787156 -0.281652 -0.489453 -0.170273 0.807536 0.074705 -0.061808 0.042400 
121290392320176 -0.281706 -0.490514 -0.170389 0.806849 0.074645 -0.061939 0.042442 
121290425873305 -0.281716 -0.492216 -0.170761 0.805730 0.074646 -0.062388 0.042113 
121290459406326 -0.282059 -0.494600 -0.171081 0.804080 0.074653 -0.062583 0.042388 
121290492939399 -0.281956 -0.498554 -0.171260 0.801633 0.074721 -0.062728 0.043022 
121290526538108 -0.279597 -0.505720 -0.170500 0.798125 0.075404 -0.063178 0.043622 
121290560071129 -0.275527 -0.516700 -0.169367 0.792730 0.075656 -0.063246 0.045020 
121290593604202 -0.269625 -0.531596 -0.168134 0.785136 0.076053 -0.063182 0.046755 
121290626227985 -0.264856 -0.550460 -0.165808 0.774179 0.076584 -0.054277 0.046687 
121290659761058 -0.257381 -0.571354 -0.165429 0.761540 0.077112 -0.053696 0.049461 
121290693294079 -0.247356 -0.592451 -0.166162 0.748470 0.077676 -0.053058 0.052840 
121290726587782 -0.237111 -0.610697 -0.166948 0.736855 0.078570 -0.051812 0.055341 
121290760120803 -0.228221 -0.626491 -0.167800 0.726131 0.078953 -0.051171 0.058644 
121290793653876 -0.220687 -0.638067 -0.168466 0.718183 0.079004 -0.050198 0.061654 
121290827118171 -0.213685 -0.650077 -0.167190 0.709779 0.079021 -0.048563 0.064354 
121290860651192 -0.207378 -0.664731 -0.163650 0.698817 0.078755 -0.047181 0.066753 
121290894184264 -0.202220 -0.679942 -0.158937 0.686676 0.078436 -0.045372 0.068698 
121290927704008 -0.196695 -0.694766 -0.153696 0.674528 0.076877 -0.042509 0.070179 
121290961237081 -0.188698 -0.706471 -0.148729 0.665711 0.076034 -0.039307 0.071978 
121290994770102 -0.179087 -0.717032 -0.142619 0.658371 0.075127 -0.035714 0.073509 
121291028249287 -0.168568 -0.724732 -0.137139 0.653866 0.074447 -0.031947 0.077194 
121291061782308 -0.158900 -0.731664 -0.132210 0.649569 0.073531 -0.028218 0.078994 
121291095315329 -0.150760 -0.739066 -0.129131 0.643722 0.072768 -0.024837 0.080820 
121291128928489 -0.144076 -0.746372 -0.126819 0.637250 0.073550 -0.022366 0.083713 
121291162461509 -0.138303 -0.753113 -0.124361 0.631053 0.073048 -0.019932 0.085065 
121291195994582 -0.134710 -0.757404 -0.123162 0.626916 0.072657 -0.017971 0.085995 
121291229543197 -0.134353 -0.759578 -0.121960 0.624592 0.073148 -0.017170 0.086105 
121291263076270 -0.134418 -0.760097 -0.120570 0.624217 0.072809 -0.016267 0.086310 
121291296609291 -0.134910 -0.760265 -0.118977 0.624213 0.072457 -0.015699 0.086174 
121291330027337 -0.135525 -0.760610 -0.116649 0.624098 0.071876 -0.016956 0.087461 
121291363560410 -0.135948 -0.760712 -0.115005 0.624187 0.071435 -0.017106 0.087105 
121291397093430 -0.136510 -0.760282 -0.113993 0.624773 0.071002 -0.017424 0.086653 
121291430632958 -0.137522 -0.759059 -0.113272 0.626168 0.069083 -0.017267 0.086832 
121291464165979 -0.139109 -0.758245 -0.112825 0.626884 0.068738 -0.017693 0.086160 
121291497699052 -0.140247 -0.757712 -0.112389 0.627354 0.068478 -0.018048 0.085429 
121291531287129 -0.140848 -0.757890 -0.111442 0.627172 0.067457 -0.017338 0.085291 
121291564820202 -0.141195 -0.758124 -0.110679 0.626947 0.067245 -0.017400 0.084762 
121291598427303 -0.141351 -0.757792 -0.110111 0.627413 0.066269 -0.016171 0.084892 
121291631960324 -0.140622 -0.757618 -0.109608 0.627875 0.066058 -0.015966 0.084681 
121291665493396 -0.139004 -0.757817 -0.108611 0.628168 0.065896 -0.015701 0.084570 
121291699026417 -0.137785 -0.758148 -0.107579 0.628215 0.065788 -0.015475 0.084504 
121291732624293 -0.136316 -0.758407 -0.106165 0.628464 0.065306 -0.014515 0.085033 
121291766157314 -0.134627 -0.759258 -0.104547 0.628071 0.065092 -0.014040 0.085018 
121291799735670 -0.131133 -0.758850 -0.101222 0.629845 0.064212 -0.011893 0.084723 
121291866801712 -0.114227 -0.750085 -0.088818 0.645319 0.062630 -0.008018 0.083698 
121291900334785 -0.103242 -0.742814 -0.079597 0.656683 0.061356 -0.004882 0.083109 
121291934175887 -0.092317 -0.736314 -0.070299 0.666617 0.057853 -0.000337 0.080402 
121291967708960 -0.082791 -0.729139 -0.060591 0.676631 0.056245 0.004048 0.079647 
121292001241981 -0.073157 -0.720469 -0.051746 0.687674 0.054500 0.008862 0.079045 
121292034768230 -0.061625 -0.708506 -0.043088 0.701688 0.051086 0.014215 0.079330 
121292068663425 -0.050969 -0.695795 -0.036282 0.715510 0.048916 0.019767 0.079241 
121292105029947 -0.040565 -0.681698 -0.031879 0.729812 0.046662 0.025811 0.079559 
121292139114481 -0.032755 -0.669873 -0.030317 0.741133 0.043528 0.031404 0.080008 
121292172668829 -0.027056 -0.659065 -0.030465 0.750981 0.041295 0.036862 0.080914 
121292208054981 -0.021033 -0.649236 -0.031891 0.759627 0.038696 0.042469 0.083179 
121292241950198 -0.013989 -0.639729 -0.032876 0.767770 0.035475 0.047560 0.085292 
121292275270198 -0.006817 -0.630768 -0.033276 0.775227 0.031915 0.052383 0.087646 
121292308313242 0.000334 -0.621964 -0.033115 0.782345 0.028194 0.056874 0.090172 
121292342154134 0.007857 -0.612740 -0.032685 0.789570 0.022235 0.062091 0.093178 
121292372385004 0.015158 -0.604802 -0.030814 0.795635 0.018342 0.065895 0.095874 
121292405960656 0.023126 -0.594751 -0.028888 0.803058 0.013973 0.069869 0.098799 
121292440395746 0.029026 -0.582050 -0.027438 0.812171 0.011718 0.073421 0.100325 
121292474951398 0.033716 -0.568255 -0.027036 0.821716 0.007970 0.077017 0.102983 
121292509123572 0.036551 -0.551930 -0.026789 0.832658 0.004394 0.080295 0.105434 
121292543164084 0.036040 -0.533804 -0.026243 0.844432 0.001795 0.081303 0.106216 
121292577208432 0.032532 -0.517696 -0.027171 0.854514 -0.001422 0.083910 0.107940 
121292611167563 0.028446 -0.502441 -0.027488 0.863706 -0.004573 0.086165 0.109162 
121292644745997 0.023732 -0.484129 -0.026168 0.874283 -0.010464 0.086947 0.112320 
121292676510779 0.018824 -0.463720 -0.023840 0.885461 -0.014092 0.088123 0.113147 
121292711194258 0.011661 -0.435572 -0.020312 0.899849 -0.018114 0.088825 0.113848 
121292745216869 0.002772 -0.400251 -0.016973 0.916244 -0.024214 0.087925 0.113721 
121292778899043 -0.006769 -0.360474 -0.014731 0.932628 -0.027855 0.087521 0.113781 
121292812219043 -0.017541 -0.319053 -0.013824 0.947474 -0.030902 0.086647 0.113319 
121292845084700 -0.028072 -0.284032 -0.013580 0.958308 -0.034048 0.084903 0.112645 
121292878212961 -0.039775 -0.251680 -0.013848 0.966894 -0.036376 0.083467 0.110675 
121292910915135 -0.050202 -0.217890 -0.014064 0.974580 -0.038724 0.081854 0.108358 
121292942250849 -0.059460 -0.183198 -0.013292 0.981186 -0.042614 0.080171 0.106896 
121292973419111 -0.070421 -0.149827 -0.011908 0.986129 -0.044661 0.078445 0.104640 
121293009934762 -0.079921 -0.112802 -0.007693 0.990368 -0.047081 0.076340 0.102096 
121293039104697 -0.084566 -0.082278 -0.003630 0.993008 -0.050888 0.073662 0.101145 
121293072424697 -0.091117 -0.053989 0.001466 0.994375 -0.053224 0.071450 0.098675 
121293109899044 -0.099338 -0.023766 0.007322 0.994743 -0.056019 0.068957 0.095838 
121293143208255 -0.106268 0.007639 0.012402 0.994231 -0.064753 0.065424 0.096297 
121293176528255 -0.116038 0.036289 0.015562 0.992460 -0.067291 0.062700 0.094221 
121293209848255 -0.126487 0.062810 0.018581 0.989803 -0.069746 0.059744 0.092230 
121293243167139 -0.136371 0.089221 0.021856 0.986390 -0.071319 0.055866 0.086360 
121293276487139 -0.148067 0.113320 0.025530 0.982132 -0.073612 0.051746 0.083944 
121293309822474 -0.161197 0.136311 0.027579 0.977074 -0.078112 0.046686 0.079825 
121293343142474 -0.170413 0.156287 0.027845 0.972501 -0.081459 0.042140 0.077061 
121293376462474 -0.179113 0.177608 0.028943 0.967231 -0.084856 0.037250 0.074567 
121293409782474 -0.187278 0.202554 0.030319 0.960718 -0.088070 0.031884 0.072497 
121293442991530 -0.196360 0.231608 0.034845 0.952148 -0.093799 0.025230 0.066429 
121293476311530 -0.203870 0.265601 0.034437 0.941651 -0.096976 0.019821 0.064500 
121293508012400 -0.204531 0.294277 0.033340 0.932983 -0.099834 0.014822 0.062691 
121293538968813 -0.205653 0.317757 0.034117 0.924972 -0.107838 0.008675 0.056925 
121293572288813 -0.208568 0.344585 0.031785 0.914741 -0.111171 0.004010 0.054709 
121293605447691 -0.210638 0.368952 0.028108 0.904829 -0.113559 0.002066 0.056647 
121293637148561 -0.212436 0.388017 0.026145 0.896454 -0.117392 -0.001959 0.054988 
121293668636387 -0.214636 0.406508 0.023918 0.887756 -0.121212 -0.005586 0.053961 
121293701785935 -0.216756 0.427929 0.021373 0.877175 -0.124673 -0.008896 0.053871 
121293735117400 -0.215847 0.443250 0.019732 0.869799 -0.128055 -0.012602 0.053867 
121293770759554 -0.214093 0.448739 0.022071 0.867358 -0.131744 -0.016427 0.054332 
121293803206076 -0.212113 0.451685 0.025547 0.866219 -0.135219 -0.019777 0.055136 
121293836910189 -0.209250 0.455582 0.028985 0.864765 -0.136615 -0.019279 0.060122 
121293869782797 -0.205870 0.466207 0.033327 0.859743 -0.139985 -0.021588 0.062029 
121293902016305 -0.199454 0.478862 0.035919 0.854177 -0.143054 -0.022846 0.063999 
121293935598071 -0.189583 0.494605 0.036097 0.847420 -0.144018 -0.022116 0.068148 
121293969131092 -0.180571 0.511609 0.036326 0.839244 -0.146080 -0.021848 0.070219 
121294002664164 -0.172418 0.526558 0.038272 0.831591 -0.147922 -0.021469 0.072096 
121294037637010 -0.165442 0.540795 0.041851 0.823661 -0.154394 -0.025883 0.072736 
121294072661358 -0.162363 0.552280 0.045033 0.816454 -0.156312 -0.026097 0.074425 
121294106769619 -0.162923 0.557542 0.049073 0.812524 -0.158426 -0.026537 0.075628 
121294140480962 -0.165942 0.559312 0.052213 0.810498 -0.161102 -0.027063 0.076275 
121294173800962 -0.168784 0.555354 0.053935 0.812518 -0.162978 -0.027709 0.076597 
121294207120962 -0.171294 0.545996 0.055388 0.818217 -0.164669 -0.028461 0.076230 
121294240524313 -0.173152 0.533417 0.055650 0.826068 -0.166010 -0.028762 0.076154 
121294273844313 -0.175767 0.517855 0.056647 0.835298 -0.167338 -0.029744 0.074875 
121294307164313 -0.180789 0.500232 0.059061 0.844745 -0.168623 -0.031086 0.073294 
121294340488546 -0.188802 0.479193 0.063150 0.854833 -0.170050 -0.032043 0.071813 
121294373808546 -0.198584 0.454550 0.069515 0.865515 -0.171564 -0.033684 0.069715 
121294407128546 -0.208110 0.429519 0.075787 0.875477 -0.173115 -0.035435 0.067352 
121294439745325 -0.217524 0.405241 0.082036 0.884157 -0.173143 -0.036787 0.065781 
121294469464926 -0.226995 0.382907 0.085924 0.891332 -0.174256 -0.038014 0.063096 
121294502897004 -0.237059 0.358617 0.090199 0.898366 -0.174248 -0.039238 0.060040 
121294536387420 -0.245432 0.333389 0.094458 0.905368 -0.174808 -0.040718 0.056610 
121294569877889 -0.252329 0.308475 0.097034 0.912007 -0.175345 -0.042335 0.053193 
121294603389604 -0.255679 0.278225 0.102028 0.920223 -0.176856 -0.044652 0.049593 
121294637042551 -0.263103 0.258436 0.106179 0.923425 -0.178911 -0.046360 0.046719 
121294670575572 -0.268957 0.245811 0.107748 0.925003 -0.180509 -0.048064 0.044537 
121294704108593 -0.270247 0.240754 0.109284 0.925776 -0.182602 -0.049342 0.043611 
121294737623869 -0.271015 0.249020 0.110516 0.923215 -0.184485 -0.049670 0.044526 
121294771156890 -0.269367 0.266360 0.112800 0.918570 -0.186946 -0.049386 0.046748 
121294804689963 -0.262554 0.282327 0.117246 0.915211 -0.190011 -0.048856 0.049621 
121294872368676 -0.248075 0.331230 0.121626 0.902193 -0.193497 -0.047921 0.055758 
121294905688676 -0.241330 0.357754 0.120867 0.893959 -0.194989 -0.047156 0.059352 
121294938447678 -0.235070 0.380844 0.118329 0.886396 -0.196776 -0.046468 0.060849 
121294971980699 -0.230797 0.399710 0.115604 0.879546 -0.197449 -0.046180 0.063202 
121295005513720 -0.228651 0.413644 0.113920 0.873865 -0.197747 -0.046292 0.064811 
121295039073822 -0.226997 0.421274 0.112175 0.870872 -0.194946 -0.047959 0.066095 
121295072606842 -0.226929 0.415419 0.113551 0.873519 -0.194798 -0.048742 0.065386 
121295106139915 -0.228999 0.400787 0.117379 0.879290 -0.194678 -0.049521 0.063822 
121295139752520 -0.231967 0.384409 0.121804 0.885203 -0.192657 -0.049055 0.063111 
121295173285593 -0.233563 0.367000 0.125380 0.891650 -0.192397 -0.049510 0.060852 
121295206818614 -0.236187 0.353431 0.129305 0.895870 -0.192641 -0.049790 0.059054 
121295240262710 -0.239993 0.351547 0.134337 0.894858 -0.196707 -0.049597 0.062950 
121295273582710 -0.239440 0.360425 0.138277 0.890866 -0.197185 -0.049844 0.063307 
121295306902710 -0.234883 0.374330 0.140852 0.885927 -0.197414 -0.049920 0.064241 
121295340055415 -0.228979 0.390762 0.141793 0.880209 -0.197614 -0.048383 0.068159 
121295407121508 -0.213944 0.430477 0.134987 0.866427 -0.195103 -0.047738 0.072613 
121295441050449 -0.208286 0.452880 0.127921 0.857411 -0.192365 -0.046096 0.078957 
121295474583522 -0.204224 0.476436 0.119168 0.846818 -0.189243 -0.045760 0.082169 
121295508116543 -0.201828 0.498143 0.110351 0.836028 -0.185872 -0.045696 0.085457 
121295542068185 -0.200655 0.516827 0.102294 0.825932 -0.181725 -0.045226 0.088703 
121295575601258 -0.198174 0.529846 0.096089 0.818998 -0.178346 -0.045883 0.091178 
121295609965149 -0.194579 0.540431 0.091547 0.813445 -0.175148 -0.046876 0.093392 
121295645053409 -0.188643 0.547244 0.088594 0.810611 -0.172080 -0.048033 0.095136 
121295679547999 -0.181262 0.552951 0.086761 0.808617 -0.169723 -0.048830 0.097088 
121295713251477 -0.173255 0.557562 0.086064 0.807279 -0.167189 -0.049662 0.098411 
121295746548149 -0.165691 0.564711 0.085132 0.803991 -0.165068 -0.049724 0.099453 
121295779868149 -0.158407 0.573488 0.083611 0.799392 -0.162287 -0.050003 0.100210 
121295813242931 -0.152505 0.578822 0.082942 0.796761 -0.159268 -0.050063 0.100075 
121295846562931 -0.145237 0.580107 0.083317 0.797145 -0.157448 -0.050513 0.100817 
121295879882931 -0.134125 0.577371 0.083652 0.801034 -0.156313 -0.051168 0.101317 
121295913202931 -0.125316 0.571703 0.084642 0.806404 -0.155653 -0.051845 0.101611 
121295946531312 -0.120555 0.568711 0.084629 0.809242 -0.153604 -0.052618 0.101889 
121295946531312 -0.120555 0.568711 0.084629 0.809242 -0.153604 -0.052618 0.101889 TAG001 
121295979851312 -0.120479 0.568363 0.083652 0.809599 -0.153787 -0.052602 0.101604 
121296013171312 -0.123309 0.567405 0.084609 0.809746 -0.154574 -0.052339 0.101249 
121296046517817 -0.124189 0.566304 0.084749 0.810367 -0.150717 -0.052584 0.103883 
121296079837817 -0.122859 0.564664 0.085402 0.811644 -0.151579 -0.052552 0.103700 
121296113157817 -0.121743 0.564411 0.085639 0.811964 -0.152572 -0.052677 0.103645 
121296146456379 -0.120872 0.565034 0.086177 0.811603 -0.152370 -0.052797 0.104485 
121296179776379 -0.119320 0.566362 0.087046 0.810815 -0.153435 -0.053256 0.104546 
121296213096379 -0.117966 0.566569 0.088016 0.810763 -0.154660 -0.053617 0.104460 
121296246391129 -0.118302 0.566156 0.088454 0.810955 -0.154588 -0.053456 0.104780 
121296279711129 -0.119317 0.565585 0.089047 0.811139 -0.155778 -0.053169 0.104529 
121296313031129 -0.119944 0.564801 0.089760 0.811515 -0.156808 -0.052778 0.104311 
121296346342617 -0.119714 0.563896 0.090618 0.812082 -0.156926 -0.052394 0.105037 
121296379662617 -0.118558 0.561393 0.091717 0.813861 -0.157480 -0.052085 0.105156 
121296412982617 -0.117209 0.558414 0.092906 0.815968 -0.157856 -0.051931 0.105354 
121296446302617 -0.115611 0.556984 0.093967 0.817051 -0.157612 -0.051969 0.105793 
121296479622443 -0.113645 0.556148 0.094511 0.817834 -0.157609 -0.052041 0.106166 
121296512942443 -0.112630 0.555558 0.094962 0.818323 -0.157730 -0.052032 0.106482 
121296546264639 -0.112565 0.555550 0.095358 0.818291 -0.157787 -0.052057 0.107001 
121296579584639 -0.113118 0.554835 0.095952 0.818630 -0.158112 -0.051783 0.107112 
121296612902257 -0.113437 0.552924 0.096604 0.819802 -0.158441 -0.051308 0.107404 
121296646222257 -0.113082 0.551329 0.097217 0.820851 -0.158770 -0.050886 0.107439 
121296679542257 -0.112269 0.549929 0.097889 0.821822 -0.159102 -0.050417 0.107516 
121296712862257 -0.111622 0.548733 0.098759 0.822605 -0.159501 -0.049957 0.107614 
121296746178765 -0.111485 0.548128 0.099707 0.822913 -0.159890 -0.049671 0.107945 
121296779498765 -0.111049 0.546975 0.100500 0.823642 -0.160233 -0.049225 0.107942 
121296812818765 -0.110781 0.545282 0.101152 0.824720 -0.160599 -0.048664 0.107774 
121296846134401 -0.110417 0.542676 0.102115 0.826367 -0.160815 -0.048151 0.107509 
121296879454401 -0.109191 0.538832 0.103433 0.828878 -0.161189 -0.047423 0.107168 
121296912776715 -0.108369 0.534610 0.105141 0.831501 -0.161631 -0.046588 0.106805 
121296946096715 -0.107066 0.530211 0.106990 0.834246 -0.162027 -0.045353 0.106475 
121296979416715 -0.104500 0.525352 0.108878 0.837395 -0.162425 -0.043698 0.106139 
121297012736715 -0.100403 0.520161 0.110496 0.840917 -0.162692 -0.041568 0.105810 
121297046032795 -0.095819 0.515025 0.112074 0.844397 -0.162996 -0.039333 0.104927 
121297079352795 -0.090941 0.510283 0.113973 0.847556 -0.163080 -0.036422 0.104512 
121297112672795 -0.086575 0.505443 0.115140 0.850750 -0.163080 -0.033052 0.103948 
121297146042179 -0.081602 0.500784 0.115725 0.853911 -0.162123 -0.029634 0.103745 
121297179362179 -0.075984 0.496845 0.115959 0.856694 -0.161325 -0.025907 0.103099 
121297212682179 -0.069464 0.492032 0.115381 0.860097 -0.160314 -0.021927 0.102246 
121297246000731 -0.062643 0.485464 0.114974 0.864397 -0.158612 -0.017877 0.101436 
121297279320731 -0.056231 0.477975 0.115958 0.868868 -0.157384 -0.013696 0.100323 
121297312640731 -0.049214 0.469398 0.117443 0.873756 -0.156087 -0.009483 0.099036 
121297345962348 -0.041670 0.459198 0.118737 0.879376 -0.153644 -0.004991 0.098590 
121297379282348 -0.035994 0.446577 0.119749 0.885965 -0.152576 -0.000319 0.096990 
121297412602348 -0.031861 0.434645 0.120785 0.891896 -0.151451 0.004292 0.095274 
121297445569872 -0.026741 0.423298 0.120852 0.897496 -0.149755 0.009473 0.093740 
121297478889872 -0.020316 0.410558 0.119574 0.903732 -0.148417 0.014177 0.091769 
121297512593350 -0.014342 0.397400 0.118842 0.909804 -0.147151 0.018759 0.089825 
121297545745606 -0.009148 0.384901 0.118866 0.915226 -0.146975 0.023203 0.086185 
121297579065606 -0.003145 0.372048 0.119478 0.920487 -0.146277 0.027194 0.084267 
121297612385606 0.002547 0.361326 0.120334 0.924639 -0.145721 0.030887 0.082715 
121297645682310 0.006919 0.353552 0.121675 0.927442 -0.145365 0.034633 0.080856 
121297712322310 0.018730 0.344303 0.122444 0.930652 -0.144569 0.040475 0.079180 
121297745641376 0.022929 0.339036 0.121815 0.932572 -0.143743 0.043819 0.077783 
121297778961376 0.024516 0.332385 0.119241 0.935255 -0.142901 0.046475 0.076444 
121297812281376 0.024004 0.325075 0.115763 0.938269 -0.141864 0.048901 0.074851 
121297845422246 0.025170 0.316119 0.111733 0.941781 -0.139243 0.053892 0.073639 
121297878742246 0.027364 0.305322 0.106638 0.945864 -0.137833 0.055905 0.071464 
121297912062246 0.028604 0.292857 0.101898 0.950281 -0.136404 0.057620 0.069235 
121297945453753 0.029728 0.279585 0.096852 0.954761 -0.134638 0.059818 0.067220 
121297978773753 0.031120 0.264061 0.092393 0.959566 -0.133395 0.061311 0.064823 
121298012093753 0.030918 0.249789 0.087828 0.963813 -0.132114 0.062847 0.062622 
121298045398905 0.030342 0.238749 0.084298 0.966940 -0.130367 0.063705 0.060735 
121298078718905 0.028421 0.232081 0.083100 0.968723 -0.129021 0.064772 0.058843 
121298112038905 0.025935 0.228867 0.082334 0.969623 -0.127667 0.065826 0.057205 
121298145384536 0.023430 0.227846 0.082767 0.969890 -0.124901 0.066878 0.057100 
121298179301058 0.019845 0.228101 0.082880 0.969901 -0.122859 0.067844 0.055465 
121298212961928 0.014934 0.230073 0.081561 0.969635 -0.120494 0.068927 0.053770 
121298246198980 0.009112 0.231436 0.079881 0.969522 -0.114784 0.070617 0.053507 
121298279178110 0.001853 0.230814 0.078732 0.969806 -0.111668 0.071632 0.050703 
121298312498110 -0.006230 0.231595 0.077067 0.969735 -0.107737 0.072452 0.047063 
121298346313953 -0.014069 0.232962 0.074088 0.969557 -0.098501 0.073843 0.045363 
121298379633953 -0.023725 0.233156 0.070964 0.969556 -0.092587 0.074573 0.040301 
121298413294822 -0.033341 0.232356 0.067591 0.969706 -0.085624 0.075054 0.034488 
121298446867883 -0.042211 0.231995 0.063701 0.969711 -0.076725 0.075318 0.028595 
121298480187883 -0.048586 0.230066 0.060021 0.970107 -0.068080 0.075400 0.021417 
121298513507883 -0.055366 0.229908 0.056379 0.969999 -0.058680 0.075473 0.013612 
121298547084289 -0.060055 0.227827 0.052576 0.970425 -0.048576 0.075949 0.004286 
121298580404289 -0.064200 0.229191 0.048311 0.970060 -0.038068 0.076344 -0.005592 
121298614043854 -0.069708 0.236017 0.042944 0.968293 -0.027046 0.077117 -0.016662 
121298647295096 -0.075316 0.244435 0.037568 0.966006 -0.015686 0.077992 -0.028269 
121298680913357 -0.082189 0.255046 0.033476 0.962848 -0.004396 0.079874 -0.042061 
121298714233357 -0.089127 0.264306 0.030654 0.959822 0.006685 0.082475 -0.057126 
121298747580529 -0.100067 0.271956 0.028747 0.956661 0.018694 0.085596 -0.072826 
121298780900529 -0.112830 0.271621 0.029724 0.955305 0.028376 0.090922 -0.088606 
121298814220529 -0.123901 0.266816 0.031024 0.955246 0.036586 0.097403 -0.103739 
121298847915357 -0.133557 0.261755 0.032958 0.955280 0.049205 0.103437 -0.119961 
121298881512314 -0.143849 0.268711 0.034846 0.951781 0.056167 0.109861 -0.132648 
121298914832314 -0.156167 0.288410 0.035343 0.944024 0.062005 0.116282 -0.143145 
121298948113213 -0.169583 0.311646 0.033309 0.934350 0.067721 0.123875 -0.154468 
121298981710169 -0.190034 0.340841 0.025683 0.920356 0.071908 0.131868 -0.162482 
121299015030169 -0.212523 0.368588 0.014080 0.904864 0.075973 0.140255 -0.168864 
121299047962485 -0.226535 0.395319 0.003458 0.890165 0.080595 0.148470 -0.174033 
121299081559441 -0.234310 0.414613 -0.005142 0.879300 0.084329 0.157696 -0.177717 
121299114879441 -0.236258 0.432011 -0.011104 0.870302 0.088736 0.166463 -0.179659 
121299148854912 -0.234009 0.447697 -0.015641 0.862880 0.093811 0.175454 -0.181956 
121299182430564 -0.235328 0.460464 -0.016545 0.855757 0.097448 0.183104 -0.182158 
121299215494912 -0.237878 0.480792 -0.014010 0.843835 0.101424 0.190065 -0.181369 
121299248369620 -0.239517 0.498327 -0.007484 0.833214 0.106016 0.196856 -0.179821 
121299281135707 -0.241221 0.512095 0.000086 0.824361 0.110506 0.203210 -0.178279 
121299313880490 -0.240241 0.522330 0.007602 0.818167 0.115975 0.209216 -0.176415 
121299346677590 -0.233731 0.533241 0.014153 0.812911 0.125218 0.214157 -0.171433 
121299379678025 -0.225510 0.544504 0.019440 0.807640 0.132160 0.219978 -0.168868 
121299412316286 -0.219000 0.556981 0.025921 0.800712 0.138992 0.225390 -0.166300 
121299445596504 -0.215490 0.573266 0.034855 0.789756 0.146737 0.228788 -0.165016 
121299478916504 -0.213347 0.585335 0.041011 0.781143 0.153846 0.233256 -0.163158 
121299511874330 -0.211297 0.593203 0.045395 0.775502 0.160787 0.237345 -0.161896 
121299545225829 -0.208419 0.598432 0.045887 0.772227 0.170073 0.241057 -0.161523 
121299579248873 -0.204985 0.601429 0.044624 0.770891 0.177830 0.244530 -0.161235 
121299613229307 -0.200211 0.603961 0.042330 0.770295 0.185625 0.247568 -0.161150 
121299646328585 -0.195359 0.607813 0.041154 0.768574 0.197162 0.251350 -0.160883 
121299678647281 -0.189970 0.612051 0.042387 0.766491 0.204196 0.253817 -0.160421 
121299711370759 -0.183749 0.616121 0.043962 0.764656 0.210699 0.256522 -0.159810 
121299744718828 -0.177135 0.620803 0.046271 0.762290 0.218714 0.260202 -0.158782 
121299778038828 -0.171285 0.624020 0.049362 0.760805 0.224143 0.263322 -0.158223 
121299812296220 -0.165253 0.628199 0.051351 0.758565 0.229363 0.266541 -0.157664 
121299846776475 -0.158827 0.633076 0.051932 0.755839 0.235613 0.269176 -0.157107 
121299880714301 -0.153865 0.636022 0.052847 0.754326 0.240352 0.271674 -0.156922 
121299914569711 -0.149141 0.639339 0.052188 0.752515 0.244792 0.273384 -0.156920 
121299948166667 -0.146470 0.642080 0.050273 0.750835 0.248890 0.274917 -0.157464 
121299981763624 -0.145319 0.643846 0.048152 0.749684 0.252707 0.276034 -0.158382 
121300015339276 -0.144964 0.645670 0.046243 0.748303 0.256467 0.276813 -0.159523 
121300048905488 -0.142922 0.648254 0.043413 0.746629 0.259029 0.276886 -0.161488 
121300082225488 -0.139964 0.650766 0.040010 0.745193 0.262824 0.277091 -0.162799 
121300115545488 -0.137228 0.650219 0.038057 0.746281 0.266183 0.277116 -0.164100 
121300148892081 -0.135709 0.647448 0.037463 0.748993 0.268916 0.276604 -0.165189 
121300148892081 -0.135709 0.647448 0.037463 0.748993 0.268916 0.276604 -0.165189 TAG001 
121300182212081 -0.134338 0.647445 0.035415 0.749343 0.272305 0.276467 -0.166455 
121300215532081 -0.133422 0.648357 0.033083 0.748824 0.275464 0.276494 -0.167650 
121300248829208 -0.132596 0.648037 0.031610 0.749311 0.277854 0.276197 -0.168883 
121300282149208 -0.130770 0.648123 0.029781 0.749632 0.280724 0.276192 -0.170535 
121300315469208 -0.129426 0.648178 0.027655 0.749899 0.283292 0.276446 -0.172388 
121300348773232 -0.127871 0.646925 0.026422 0.751292 0.283891 0.276585 -0.173962 
121300382093232 -0.125504 0.647358 0.024698 0.751376 0.285826 0.277184 -0.175945 
121300415413232 -0.123418 0.648641 0.023347 0.750659 0.287665 0.277973 -0.177876 
121300448707820 -0.122200 0.650023 0.023511 0.749657 0.288343 0.278618 -0.179774 
121300482027820 -0.119831 0.652516 0.024448 0.747841 0.289632 0.279398 -0.181362 
121300515347820 -0.116442 0.654541 0.025264 0.746578 0.290585 0.280303 -0.182819 
121300548658810 -0.114547 0.654370 0.026871 0.746965 0.290079 0.281364 -0.183287 
121300581978810 -0.112945 0.654331 0.027586 0.747217 0.290092 0.282852 -0.183966 
121300615298810 -0.110684 0.654029 0.027165 0.747835 0.289739 0.284597 -0.184204 
121300648630330 -0.106414 0.652228 0.026804 0.750038 0.287508 0.286156 -0.183472 
121300681950330 -0.100937 0.650067 0.025974 0.752695 0.285571 0.288195 -0.182629 
121300715307146 -0.094886 0.649142 0.026254 0.754269 0.281675 0.289954 -0.180938 
121300748627146 -0.088511 0.650763 0.027164 0.753615 0.278048 0.292351 -0.178909 
121300781947146 -0.082836 0.654078 0.027119 0.751388 0.273787 0.295128 -0.176485 
121300815267146 -0.074114 0.653976 0.027839 0.752361 0.268664 0.298270 -0.173772 
121300848603115 -0.062719 0.651651 0.026086 0.755471 0.262313 0.301470 -0.171212 
121300881923115 -0.050706 0.647164 0.021708 0.760353 0.255966 0.305311 -0.167835 
121300915243115 -0.041067 0.642788 0.016396 0.764766 0.248886 0.309483 -0.164134 
121300948472605 -0.034506 0.638875 0.012894 0.768428 0.241422 0.313786 -0.160363 
121300981792605 -0.029346 0.634078 0.008728 0.772662 0.233617 0.318237 -0.156638 
121301015112605 -0.025690 0.625780 0.004316 0.779564 0.225414 0.322839 -0.153104 
121301048321909 -0.021765 0.616021 0.001194 0.787428 0.217215 0.327849 -0.149769 
121301081641909 -0.016628 0.606579 -0.001111 0.794848 0.209221 0.332431 -0.146283 
121301114961909 -0.012011 0.601022 -0.002512 0.799138 0.202033 0.336878 -0.142802 
121301148325827 -0.008090 0.599075 -0.003254 0.800645 0.196142 0.341420 -0.139141 
121301181645827 -0.004143 0.596518 -0.003303 0.802582 0.190551 0.345800 -0.135580 
121301214965827 -0.001526 0.595828 -0.002631 0.803106 0.185581 0.350110 -0.132185 
121301248201998 0.000744 0.594878 -0.001281 0.803814 0.180964 0.354596 -0.128744 
121301281521998 0.002616 0.595367 -0.000058 0.803450 0.177141 0.358738 -0.125793 
121301314841998 0.000210 0.596244 0.004318 0.802792 0.173505 0.362881 -0.123130 
121301348104989 -0.003065 0.597146 0.009430 0.802071 0.171722 0.366308 -0.120309 
121301414744989 -0.015810 0.597524 0.025464 0.801291 0.166045 0.375836 -0.117754 
121301447302268 -0.022966 0.599581 0.031374 0.799369 0.166157 0.380323 -0.117133 
121301480345312 -0.031231 0.600717 0.039944 0.797852 0.163592 0.386679 -0.117281 
121301513388355 -0.040287 0.597632 0.047815 0.799329 0.160851 0.393677 -0.117770 
121301546767587 -0.048406 0.596355 0.052483 0.799539 0.160201 0.400359 -0.118136 
121301580087587 -0.054676 0.596410 0.055528 0.798888 0.157922 0.407671 -0.119042 
121301613684544 -0.060850 0.595279 0.058412 0.799080 0.155932 0.414803 -0.119867 
121301646815665 -0.063834 0.592657 0.060973 0.800603 0.154972 0.421454 -0.120537 
121301680135665 -0.066656 0.592418 0.062399 0.800440 0.153667 0.427843 -0.120652 
121301713178709 -0.069803 0.592098 0.065411 0.800168 0.152068 0.433550 -0.120034 
121301746465052 -0.075446 0.593422 0.070403 0.798249 0.149487 0.439151 -0.118522 
121301780062008 -0.080584 0.600254 0.075144 0.792184 0.147752 0.443648 -0.116563 
121301813105052 -0.089406 0.609555 0.081913 0.783415 0.145715 0.447231 -0.114225 
121301846418534 -0.102335 0.616358 0.089405 0.775653 0.141920 0.450435 -0.112319 
121301879738534 -0.113845 0.621690 0.094541 0.769157 0.138763 0.452601 -0.109154 
121301913058534 -0.123767 0.624349 0.096077 0.765271 0.134838 0.453910 -0.105937 
121301946410420 -0.134284 0.625339 0.098203 0.762414 0.130629 0.453805 -0.102021 
121301979730420 -0.146021 0.625605 0.101028 0.759664 0.125050 0.453203 -0.098186 
121302013327376 -0.159715 0.624762 0.105582 0.756979 0.118283 0.451513 -0.093955 
121302046778257 -0.173380 0.621081 0.113201 0.755899 0.110631 0.449778 -0.089500 
121302080375214 -0.183928 0.614318 0.119412 0.757974 0.102206 0.446034 -0.084284 
121302113418257 -0.192480 0.608762 0.125198 0.759398 0.093139 0.441042 -0.078987 
121302146736495 -0.204986 0.601649 0.134267 0.760244 0.082319 0.435512 -0.073371 
121302180056495 -0.218265 0.595801 0.141729 0.759799 0.071576 0.428416 -0.067575 
121302213376495 -0.232555 0.592678 0.148070 0.756787 0.060356 0.420310 -0.061801 
121302246686231 -0.249797 0.593593 0.155149 0.749117 0.048422 0.410957 -0.055871 
121302280006231 -0.267989 0.598216 0.160340 0.737978 0.037207 0.400964 -0.050346 
121302313049275 -0.283801 0.597566 0.164354 0.731683 0.025749 0.390547 -0.045108 
121302345749158 -0.294476 0.589420 0.169796 0.732828 0.014696 0.378776 -0.040701 
121302377151766 -0.301606 0.581727 0.172593 0.735418 0.004071 0.367925 -0.036337 
121302410471766 -0.305956 0.574549 0.174675 0.738765 -0.007334 0.355718 -0.031653 
121302443804416 -0.311269 0.567392 0.178488 0.741162 -0.018526 0.342660 -0.026627 
121302477124416 -0.317550 0.559645 0.182247 0.743469 -0.029638 0.329675 -0.020929 
121302510444416 -0.321126 0.551378 0.181477 0.748283 -0.040616 0.316300 -0.014853 
121302543784038 -0.325844 0.547365 0.177919 0.750042 -0.049127 0.302150 -0.008552 
121302577104038 -0.328884 0.542340 0.174277 0.753213 -0.059208 0.287720 -0.001547 
121302610424038 -0.333467 0.532632 0.169693 0.759149 -0.068976 0.272932 0.005382 
121302643906378 -0.337679 0.523365 0.171690 0.763272 -0.078942 0.257788 0.014256 
121302677226378 -0.342490 0.506904 0.179067 0.770509 -0.089311 0.242961 0.021643 
121302710546378 -0.351577 0.491051 0.187818 0.774588 -0.099388 0.228601 0.028670 
121302743524366 -0.357986 0.479281 0.199921 0.775994 -0.108847 0.215143 0.035565 
121302776844366 -0.367352 0.472787 0.212259 0.772316 -0.118209 0.202035 0.043125 
121302808971322 -0.373685 0.470754 0.221409 0.767938 -0.126102 0.190352 0.050759 
121302841604368 -0.370336 0.470842 0.228527 0.767421 -0.133243 0.177916 0.059305 
121302873390483 -0.368954 0.466939 0.232264 0.769347 -0.139471 0.166676 0.066388 
121302906923504 -0.368293 0.461099 0.243087 0.769842 -0.144905 0.154875 0.073642 
121302940502756 -0.370380 0.462006 0.250674 0.765854 -0.150247 0.143638 0.080538 
121302974035777 -0.372951 0.460459 0.254072 0.764416 -0.153718 0.132847 0.087047 
121303007931024 -0.372363 0.458898 0.253457 0.765845 -0.156723 0.122040 0.093451 
121303041617820 -0.372230 0.455446 0.252510 0.768279 -0.159209 0.111614 0.098832 
121303075406515 -0.371938 0.452557 0.254821 0.769363 -0.161317 0.101379 0.104407 
121303108257820 -0.372095 0.450171 0.257580 0.769769 -0.162964 0.092210 0.109606 
121303141529157 -0.370764 0.441686 0.262990 0.773488 -0.165896 0.083167 0.114355 
121303174380461 -0.368121 0.437087 0.269767 0.775027 -0.166954 0.074978 0.118814 
121303207700461 -0.368745 0.431808 0.274203 0.776132 -0.167668 0.067690 0.122590 
121303240943426 -0.365876 0.426401 0.280943 0.778067 -0.169507 0.061153 0.126610 
121303274114273 -0.363241 0.422757 0.284660 0.779936 -0.169236 0.056625 0.129244 
121303307647294 -0.360657 0.419684 0.288366 0.781432 -0.168726 0.053115 0.131445 
121303341269013 -0.360690 0.418735 0.288182 0.781994 -0.169754 0.049703 0.134861 
121303374802033 -0.356620 0.418437 0.286134 0.784767 -0.168897 0.048226 0.136629 
121303408335106 -0.350750 0.417047 0.281515 0.789808 -0.167987 0.047445 0.138577 
121303441862543 -0.345500 0.418385 0.276671 0.793118 -0.165732 0.047619 0.140377 
121303475395616 -0.343668 0.419986 0.274305 0.793890 -0.164071 0.047244 0.142370 
121303508928637 -0.344170 0.420963 0.275532 0.792729 -0.162016 0.046941 0.144218 
121303542233998 -0.341784 0.422295 0.277203 0.792470 -0.158743 0.047326 0.145053 
121303575767071 -0.337626 0.425752 0.276122 0.792780 -0.155469 0.047444 0.146383 
121303609300091 -0.333698 0.433291 0.270175 0.792408 -0.151996 0.047140 0.147518 
121303609300091 -0.333698 0.433291 0.270175 0.792408 -0.151996 0.047140 0.147518 TAG001 
121303642899901 -0.330715 0.433172 0.270560 0.793591 -0.147399 0.046843 0.148009 
121303676432922 -0.326730 0.434298 0.271254 0.794389 -0.143326 0.046082 0.148631 
121303709965995 -0.322791 0.436651 0.268927 0.795500 -0.138696 0.044686 0.148745 
121303743436835 -0.319937 0.433902 0.269617 0.797920 -0.134904 0.043029 0.148309 
121303776969908 -0.316945 0.429117 0.272825 0.800607 -0.129577 0.041295 0.147179 
121303810502929 -0.314856 0.426083 0.274253 0.802561 -0.124019 0.039710 0.146872 
121303844029984 -0.309469 0.426139 0.273058 0.805030 -0.116682 0.037992 0.144321 
121303877563056 -0.305228 0.423468 0.274973 0.807404 -0.108455 0.035965 0.140473 
121303911096077 -0.305684 0.415982 0.282277 0.808601 -0.099272 0.033619 0.135201 
121303944617702 -0.308347 0.411075 0.288825 0.807787 -0.089279 0.031198 0.129699 
121303978150723 -0.310772 0.406091 0.290900 0.808634 -0.079867 0.028538 0.124092 
121304011683796 -0.315285 0.399772 0.290817 0.810064 -0.071375 0.026136 0.119235 
121304045267004 -0.318290 0.390971 0.289317 0.813713 -0.063805 0.024788 0.116349 
121304078800025 -0.317729 0.382484 0.286131 0.819075 -0.059198 0.024323 0.114974 
121304112568471 -0.312803 0.375712 0.283119 0.825129 -0.057114 0.024691 0.115799 
121304146101491 -0.304954 0.362536 0.282208 0.834224 -0.057193 0.025165 0.118302 
121304179634564 -0.291276 0.342630 0.292750 0.843836 -0.059370 0.025563 0.122912 
121304213167585 -0.277553 0.323097 0.310150 0.849929 -0.063120 0.026477 0.129260 
121304246408746 -0.261536 0.305974 0.330137 0.853808 -0.066413 0.026208 0.137528 
121304279941767 -0.240688 0.290698 0.347954 0.858191 -0.071531 0.025326 0.146358 
121304313281654 -0.221958 0.277624 0.366647 0.859785 -0.077197 0.023922 0.155670 
121304346814727 -0.201359 0.262887 0.388473 0.859903 -0.082483 0.020498 0.165361 
121304380347747 -0.181281 0.247084 0.413061 0.857594 -0.087476 0.015913 0.175262 
121304413880820 -0.166925 0.240339 0.437164 0.850447 -0.091729 0.010734 0.184941 
121304448710705 -0.156553 0.244570 0.457096 0.840679 -0.094264 0.003719 0.194780 
121304483330270 -0.143793 0.245752 0.470489 0.835206 -0.096705 -0.002871 0.203879 
121304517889589 -0.130072 0.243018 0.480506 0.832549 -0.097755 -0.009190 0.213930 
121304551209589 -0.114803 0.239683 0.488510 0.831102 -0.099356 -0.016368 0.221626 
121304583741328 -0.097834 0.233563 0.498735 0.828939 -0.100883 -0.023574 0.228624 
121304616230458 -0.079932 0.224377 0.511421 0.825660 -0.102316 -0.030841 0.235111 
121304647698666 -0.062041 0.212008 0.522864 0.823296 -0.105001 -0.038192 0.246620 
121304680869565 -0.045995 0.202218 0.532179 0.820840 -0.105976 -0.046301 0.252316 
121304714764760 -0.031127 0.196950 0.541583 0.816657 -0.106714 -0.054459 0.257571 
121304748105439 -0.020048 0.194185 0.550782 0.811498 -0.105700 -0.061425 0.264457 
121304782362830 -0.013537 0.194391 0.561635 0.804111 -0.105843 -0.068682 0.269847 
121304817387178 -0.008823 0.205973 0.568686 0.796300 -0.106152 -0.075470 0.276323 
121304851518944 -0.003217 0.222601 0.571389 0.789907 -0.104942 -0.079891 0.288282 
121304885222422 0.003652 0.237036 0.571362 0.785714 -0.104776 -0.084201 0.295677 
121304918505677 0.015844 0.239600 0.570275 0.785574 -0.103726 -0.086905 0.305248 
121304947841748 0.028443 0.238419 0.567920 0.787283 -0.103458 -0.088885 0.311721 
121304981332216 0.044092 0.240003 0.562389 0.790046 -0.103125 -0.090503 0.319219 
121305014822633 0.056675 0.244611 0.554749 0.793225 -0.102568 -0.092010 0.326625 
121305048284607 0.064505 0.249751 0.548101 0.795644 -0.101630 -0.093569 0.335615 
121305081775075 0.070438 0.251110 0.544788 0.796987 -0.100643 -0.095251 0.342098 
121305116075056 0.076470 0.250303 0.541232 0.799105 -0.099549 -0.096792 0.347725 
121305150171743 0.081924 0.251091 0.538058 0.800459 -0.097708 -0.097631 0.350669 
121305183917829 0.088058 0.252938 0.533685 0.802152 -0.096308 -0.098634 0.354185 
121305218068699 0.095862 0.254101 0.528680 0.804202 -0.094938 -0.099519 0.356641 
121305252161861 0.105124 0.248115 0.528586 0.804975 -0.092760 -0.099967 0.356230 
121305285865339 0.109471 0.243464 0.532807 0.803031 -0.092530 -0.101801 0.356760 
121305319185339 0.109806 0.244954 0.538821 0.798506 -0.092203 -0.102914 0.355669 
121305352645266 0.109326 0.250416 0.544892 0.792737 -0.092182 -0.104253 0.355396 
121305385965266 0.109082 0.258595 0.547736 0.788172 -0.092077 -0.105204 0.355186 
121305419285266 0.111001 0.266377 0.546571 0.786118 -0.091680 -0.105521 0.355024 
121305452596962 0.115415 0.269770 0.544510 0.785756 -0.091233 -0.105030 0.355311 
121305485916962 0.119640 0.273199 0.541960 0.785702 -0.090411 -0.103947 0.355285 
121305519236962 0.124323 0.275900 0.538109 0.786678 -0.089619 -0.102724 0.355250 
121305552582574 0.128166 0.276879 0.534978 0.787852 -0.089298 -0.101411 0.355098 
121305585902574 0.131950 0.275635 0.532812 0.789130 -0.088589 -0.100141 0.355100 
121305619222574 0.136527 0.275137 0.529237 0.790928 -0.087953 -0.099057 0.355328 
121305652478407 0.139413 0.277375 0.525654 0.792032 -0.087835 -0.097903 0.356129 
121305685798407 0.141475 0.279089 0.522038 0.793455 -0.087101 -0.096801 0.356660 
121305719118407 0.142866 0.277407 0.519362 0.795549 -0.086351 -0.095804 0.357047 
121305752488499 0.143032 0.275745 0.517258 0.797465 -0.086188 -0.094929 0.357353 
121305785808499 0.143679 0.277908 0.513631 0.798941 -0.085279 -0.094084 0.357675 
121305819128499 0.143430 0.280114 0.510661 0.800118 -0.084427 -0.093473 0.357742 
121305852444917 0.141906 0.279746 0.509563 0.801218 -0.084459 -0.093426 0.357421 
121305885764917 0.140611 0.279665 0.508889 0.801903 -0.083899 -0.093354 0.357035 
121305919084917 0.139178 0.281414 0.508922 0.801520 -0.083356 -0.093388 0.356656 
121305952388530 0.137865 0.285549 0.509572 0.799870 -0.083615 -0.093143 0.356089 
121305985708530 0.137266 0.286169 0.510303 0.799285 -0.083261 -0.093406 0.355639 
121305985708530 0.137266 0.286169 0.510303 0.799285 -0.083261 -0.093406 0.355639 TAG001 
121306019037229 0.136069 0.284631 0.511162 0.799490 -0.083426 -0.093298 0.355649 
121306052357229 0.134804 0.287625 0.509980 0.799388 -0.082893 -0.093178 0.355390 
121306085677229 0.133039 0.290971 0.507615 0.799977 -0.082142 -0.092912 0.355172 
121306118997229 0.131985 0.291472 0.505284 0.801444 -0.081385 -0.092535 0.354808 
121306152332110 0.131577 0.289733 0.503888 0.803019 -0.081765 -0.091634 0.354156 
121306185652110 0.130104 0.289930 0.502475 0.804072 -0.081336 -0.090981 0.353424 
121306218972110 0.128496 0.291133 0.500800 0.804941 -0.081052 -0.090216 0.352421 
121306252325334 0.124315 0.293075 0.500356 0.805169 -0.081378 -0.088624 0.353308 
121306285645334 0.117836 0.296115 0.500681 0.804829 -0.081369 -0.087329 0.351773 
121306318965334 0.111429 0.297095 0.500727 0.805351 -0.081565 -0.086013 0.350033 
121306352325933 0.103868 0.300714 0.501002 0.804847 -0.082371 -0.083962 0.348566 
121306385645933 0.095648 0.307226 0.499325 0.804449 -0.082685 -0.081286 0.346797 
121306418965933 0.085638 0.311908 0.497081 0.805164 -0.083072 -0.077946 0.344687 
121306452286811 0.073395 0.316466 0.494867 0.805959 -0.084368 -0.073871 0.342319 
121306485606811 0.061810 0.322900 0.491026 0.806727 -0.085063 -0.069752 0.339622 
121306518926811 0.053294 0.324012 0.487787 0.808851 -0.085959 -0.065790 0.336741 
121306552224960 0.046693 0.323364 0.486054 0.810560 -0.087664 -0.061697 0.334422 
121306585544960 0.041707 0.323548 0.483327 0.812387 -0.088589 -0.057771 0.331452 
121306618864960 0.036378 0.321158 0.480681 0.815156 -0.089569 -0.053803 0.328142 
121306652227886 0.027860 0.320415 0.478834 0.816870 -0.091379 -0.048473 0.324487 
121306685164408 0.016762 0.325830 0.475114 0.817203 -0.092074 -0.043074 0.320186 
121306718867886 0.003738 0.334162 0.468928 0.817575 -0.092650 -0.036891 0.315128 
121306752203876 -0.010730 0.342788 0.462390 0.817665 -0.093628 -0.028767 0.309337 
121306785523876 -0.025057 0.349262 0.455480 0.818490 -0.094470 -0.021867 0.303058 
121306819009468 -0.038719 0.354700 0.449224 0.819076 -0.096147 -0.014443 0.296459 
121306852329468 -0.051704 0.359356 0.444970 0.818652 -0.097927 -0.006978 0.289793 
121306885649468 -0.061494 0.361068 0.439983 0.819917 -0.099947 0.001672 0.282846 
121306918969468 -0.068773 0.363577 0.431280 0.822848 -0.102007 0.011420 0.275478 
121306950439816 -0.075803 0.370791 0.420330 0.824676 -0.104040 0.021512 0.266611 
121306983333730 -0.083911 0.377014 0.407861 0.827326 -0.106275 0.031912 0.258156 
121307016206338 -0.095751 0.380683 0.397199 0.829545 -0.108560 0.042581 0.248777 
121307049019740 -0.111190 0.384493 0.388235 0.830106 -0.109818 0.054251 0.239218 
121307083255827 -0.127204 0.388269 0.380829 0.829479 -0.112238 0.066064 0.228155 
121307117001913 -0.144208 0.394155 0.375670 0.826267 -0.114200 0.078537 0.216799 
121307150873784 -0.161801 0.400377 0.369390 0.822843 -0.114487 0.092448 0.205552 
121307184193784 -0.173529 0.402793 0.363641 0.821834 -0.115635 0.105570 0.193708 
121307215745524 -0.187527 0.405971 0.357790 0.819761 -0.116419 0.118274 0.181904 
121307248451905 -0.207700 0.411136 0.351976 0.814826 -0.115872 0.131065 0.170698 
121307281984926 -0.231557 0.413633 0.346742 0.809357 -0.116492 0.144277 0.157592 
121307315517947 -0.256607 0.413290 0.340306 0.804696 -0.117239 0.156476 0.143901 
121307349099992 -0.282470 0.408963 0.334372 0.800722 -0.117162 0.168173 0.129574 
121307382633012 -0.306942 0.402504 0.328320 0.797486 -0.117342 0.177800 0.115040 
121307416166085 -0.329105 0.391911 0.322291 0.796382 -0.116819 0.186012 0.099988 
121307449545169 -0.348443 0.375623 0.314356 0.799171 -0.115951 0.194027 0.085227 
121307483078242 -0.364168 0.358960 0.302538 0.804363 -0.113814 0.200733 0.070323 
121307516611263 -0.376117 0.340475 0.289328 0.811728 -0.110839 0.206494 0.055736 
121307550146632 -0.386561 0.324350 0.273167 0.818992 -0.106707 0.213048 0.043008 
121307583679705 -0.397106 0.308517 0.257327 0.825171 -0.102266 0.218295 0.030087 
121307617212726 -0.405773 0.292527 0.243129 0.831062 -0.097463 0.222958 0.018100 
121307650579977 -0.411645 0.278846 0.229808 0.836649 -0.091627 0.225416 0.006338 
121307686286041 -0.415691 0.270176 0.213719 0.841742 -0.086140 0.229083 -0.004300 
