# Created at Wed May 28 22:43:33 GMT+09:00 2025 in Burnaby Canada 
588518758827165 0.000000 -0.000000 -0.707107 0.707107 0.000000 0.000000 0.000000 
588518949832545 0.000000 -0.000000 -0.707107 0.707107 0.000000 0.000000 0.000000 
588519050337917 0.000000 -0.000000 -0.707107 0.707107 0.000000 0.000000 0.000000 
588519150843288 0.000000 -0.000000 -0.707107 0.707107 0.000000 0.000000 0.000000 
588519184344997 0.000000 -0.000000 -0.707107 0.707107 0.000000 0.000000 0.000000 
588519251348659 0.086529 0.088963 0.691447 -0.711688 0.020292 0.007289 -0.003448 
588519317528327 0.079583 0.083565 0.690992 -0.713592 0.020704 0.007217 -0.012397 
588519351030280 0.080671 0.083607 0.691073 -0.713386 0.020576 0.007323 -0.011854 
588519384524083 0.081464 0.084727 0.691016 -0.713219 0.020661 0.007100 -0.011410 
588519451471430 0.080763 0.085058 0.690953 -0.713320 0.020595 0.007756 -0.009954 
588519484761099 0.081952 0.085157 0.690994 -0.713133 0.020866 0.007843 -0.009912 
588519518262808 0.081897 0.085223 0.690969 -0.713156 0.020850 0.008213 -0.009254 
588519551846302 0.082244 0.086002 0.690877 -0.713112 0.020986 0.008322 -0.009462 
588519585348011 0.082771 0.085719 0.690932 -0.713031 0.020963 0.008665 -0.008992 
588519652351673 0.083034 0.086571 0.690749 -0.713075 0.021131 0.009398 -0.008390 
588519685808021 0.083084 0.086406 0.690779 -0.713061 0.021142 0.009891 -0.007741 
588519719309730 0.083572 0.086467 0.690718 -0.713055 0.021152 0.010427 -0.007086 
588519752742397 0.082930 0.086537 0.690665 -0.713173 0.021463 0.011054 -0.006349 
588519786244106 0.083344 0.086596 0.690592 -0.713188 0.021506 0.011683 -0.005619 
588519853247768 0.083599 0.086297 0.690612 -0.713175 0.021731 0.013154 -0.003934 
588519886693383 0.084109 0.086015 0.690796 -0.712971 0.022343 0.013999 -0.004355 
588519920195092 0.084339 0.085708 0.690890 -0.712890 0.022524 0.014858 -0.003519 
588519953697045 0.084553 0.085713 0.690800 -0.712951 0.022676 0.015743 -0.002669 
588519987104013 0.085463 0.085858 0.690682 -0.712940 0.022377 0.016165 -0.006654 
588520020605722 0.086181 0.085544 0.690874 -0.712704 0.022589 0.016986 -0.006264 
588520054107675 0.086066 0.085716 0.690796 -0.712773 0.022734 0.017851 -0.005793 
588520087609244 0.086048 0.085820 0.690806 -0.712753 0.023568 0.017943 -0.006961 
588520154612907 0.086168 0.085383 0.690860 -0.712739 0.024146 0.019910 -0.005972 
588520188114616 0.086046 0.085013 0.690881 -0.712778 0.024446 0.020984 -0.005398 
588520222114482 0.086589 0.085010 0.691002 -0.712595 0.025369 0.021262 -0.007210 
588520289196109 0.086718 0.084998 0.691229 -0.712361 0.027179 0.022152 -0.009202 
588520322697818 0.086881 0.085021 0.691250 -0.712318 0.027663 0.023117 -0.009054 
588520356199771 0.086895 0.084782 0.691285 -0.712311 0.028151 0.024102 -0.008884 
588520389963996 0.087468 0.084567 0.691468 -0.712088 0.028655 0.024821 -0.010606 
588520423465705 0.087698 0.084081 0.691666 -0.711925 0.029178 0.025906 -0.010504 
588520457014722 0.088191 0.083861 0.691732 -0.711826 0.029103 0.024932 -0.011853 
588520524018140 0.088536 0.083212 0.691894 -0.711702 0.030168 0.026926 -0.011887 
588520557520093 0.088749 0.083276 0.691893 -0.711669 0.030742 0.027878 -0.012008 
588520591077815 0.089095 0.083232 0.691755 -0.711765 0.030687 0.027243 -0.011729 
588520624579524 0.088964 0.083609 0.691626 -0.711862 0.031211 0.028120 -0.011818 
588520658086808 0.088549 0.083919 0.691503 -0.711997 0.030211 0.025798 -0.013222 
588520691588517 0.088620 0.084507 0.691472 -0.711949 0.030745 0.026492 -0.013472 
588520758592179 0.088749 0.085197 0.691106 -0.712206 0.031840 0.027981 -0.013934 
588520792464398 0.088547 0.085680 0.690715 -0.712552 0.028483 0.022552 -0.016317 
588520825966107 0.088208 0.086475 0.690623 -0.712587 0.028998 0.022936 -0.016707 
588520859674978 0.087838 0.086802 0.690561 -0.712654 0.026757 0.013047 -0.020010 
588520893176687 0.087824 0.087734 0.690075 -0.713012 0.027216 0.012923 -0.020720 
588520926678396 0.085854 0.089834 0.689191 -0.713845 0.027760 0.012880 -0.021393 
588520959986984 0.082139 0.094187 0.687709 -0.715149 0.026385 0.005505 -0.020859 
588520993488693 0.076277 0.100142 0.686029 -0.716601 0.027188 0.005443 -0.021225 
588521060492355 0.057438 0.115150 0.682681 -0.719297 0.030002 0.005696 -0.021028 
588521094223971 0.050372 0.121047 0.681782 -0.719711 0.028140 0.006441 -0.015158 
588521127706719 0.046850 0.125343 0.681534 -0.719448 0.030161 0.006239 -0.015004 
588521161227634 0.043960 0.130296 0.681609 -0.718679 0.032387 0.005930 -0.014797 
588521194731492 0.041226 0.133386 0.682108 -0.717800 0.033600 0.006997 -0.009675 
588521228233200 0.040712 0.135594 0.682722 -0.716832 0.035967 0.006665 -0.009151 
588521261735154 0.040816 0.136818 0.683877 -0.715491 0.038531 0.006500 -0.008579 
588521362487720 0.033939 0.143563 0.688092 -0.710469 0.047413 0.006886 -0.006277 
588521429454498 0.029094 0.142403 0.692836 -0.706296 0.053699 0.009245 -0.002838 
588521496424540 0.023695 0.142640 0.697823 -0.701523 0.059581 0.011909 0.002135 
588521529917500 0.020402 0.143024 0.700826 -0.698549 0.062644 0.013132 0.004456 
588521563472395 0.016621 0.144194 0.702074 -0.697154 0.065233 0.014290 0.007383 
588521630475813 0.013624 0.141830 0.707554 -0.692146 0.071142 0.016182 0.012801 
588521663977766 0.012356 0.140851 0.710049 -0.689810 0.074001 0.016788 0.015381 
588521697509645 0.010094 0.140539 0.710995 -0.688936 0.076637 0.017182 0.018162 
588521764513307 0.015105 0.138800 0.713337 -0.686773 0.081229 0.017460 0.020248 
588521798171568 0.016837 0.136421 0.713361 -0.687184 0.083454 0.017769 0.020715 
588521898649048 0.025987 0.129570 0.714015 -0.687545 0.086642 0.020950 0.017685 
588522032702917 0.055141 0.113626 0.713293 -0.689392 0.087002 0.021418 0.007851 
588522133305264 0.096667 0.096599 0.712972 -0.687747 0.085015 0.017895 -0.007632 
588522200339323 0.113955 0.088398 0.709816 -0.689465 0.081669 0.015096 -0.018671 
588522233841277 0.119214 0.086483 0.707590 -0.691104 0.079872 0.014006 -0.024135 
588522267466227 0.122867 0.086805 0.705175 -0.692891 0.077794 0.012812 -0.029532 
588522334469889 0.131876 0.089001 0.701605 -0.694577 0.076435 0.009927 -0.040925 
588522367971598 0.141627 0.084922 0.701049 -0.693729 0.076330 0.008284 -0.046735 
588522401335366 0.149876 0.080574 0.700603 -0.692965 0.076272 0.006448 -0.052301 
588522434837319 0.155609 0.078508 0.700467 -0.692076 0.076442 0.005137 -0.057698 
588522501818780 0.161271 0.078084 0.700275 -0.691021 0.077607 0.003034 -0.067161 
588522535320733 0.163379 0.079161 0.699487 -0.691201 0.078650 0.002620 -0.071539 
588522568799192 0.163244 0.079574 0.699801 -0.690867 0.080570 0.002905 -0.075647 
588522602300901 0.162482 0.081439 0.700183 -0.690443 0.082747 0.003951 -0.079544 
588522635802854 0.159591 0.081668 0.700987 -0.690274 0.085255 0.005554 -0.082837 
588522669304563 0.156853 0.079461 0.701532 -0.690605 0.087716 0.007099 -0.086083 
588522702901971 0.155337 0.076477 0.702008 -0.690801 0.089940 0.008030 -0.089358 
588522769905633 0.153338 0.073127 0.703332 -0.690263 0.095530 0.007865 -0.096840 
588522803442489 0.151029 0.077765 0.704228 -0.689352 0.098694 0.006335 -0.100700 
588522870501276 0.143016 0.088394 0.708341 -0.685556 0.106425 0.000738 -0.108076 
588522937504938 0.148874 0.097646 0.712022 -0.679210 0.116557 -0.006780 -0.121007 
588523004415485 0.151994 0.103971 0.713911 -0.675588 0.129521 -0.014263 -0.133101 
588523037917438 0.151504 0.108183 0.714759 -0.674138 0.138030 -0.017536 -0.140992 
588523071293833 0.149104 0.113200 0.716143 -0.672379 0.148003 -0.021215 -0.147982 
588523138324921 0.146864 0.127500 0.721290 -0.664767 0.172122 -0.028846 -0.167046 
588523171813991 0.143026 0.136574 0.724841 -0.659922 0.185274 -0.033165 -0.178128 
588523238817654 0.137352 0.154315 0.731323 -0.649991 0.212970 -0.041356 -0.201183 
588523272398932 0.135413 0.163230 0.731100 -0.648469 0.226431 -0.042719 -0.212469 
588523305900641 0.134839 0.167214 0.729509 -0.649365 0.238996 -0.039987 -0.222085 
588523372904304 0.131610 0.162507 0.724966 -0.656273 0.260194 -0.022241 -0.234524 
588523406271464 0.137735 0.155957 0.725092 -0.656466 0.268968 -0.009115 -0.238185 
588523439773417 0.147959 0.153353 0.724737 -0.655246 0.275979 0.006997 -0.241336 
588523506463325 0.135256 0.170180 0.720820 -0.658151 0.287588 0.049042 -0.240244 
588523539965278 0.128706 0.180985 0.723440 -0.653692 0.293351 0.072406 -0.236429 
588523573462228 0.122669 0.196102 0.726644 -0.646904 0.301326 0.094892 -0.233114 
588523606963937 0.113543 0.217797 0.728259 -0.639775 0.308445 0.117688 -0.227080 
588523640465890 0.097448 0.244923 0.726981 -0.634046 0.315919 0.140037 -0.218944 
588523673663619 0.080464 0.273767 0.725229 -0.626594 0.323966 0.161129 -0.209372 
588523740667281 0.046791 0.320310 0.723145 -0.610142 0.341181 0.198240 -0.185668 
588523774109393 0.031440 0.337526 0.721096 -0.604242 0.348204 0.214032 -0.172683 
588523807611102 0.013481 0.354253 0.716256 -0.601083 0.354037 0.228140 -0.159503 
588523874598650 -0.013362 0.383793 0.706747 -0.594165 0.364217 0.249502 -0.136458 
588523908162892 -0.022487 0.393592 0.705947 -0.588403 0.368703 0.257672 -0.125631 
588523975166554 -0.037319 0.393993 0.715003 -0.576322 0.376876 0.270440 -0.106480 
588524008700165 -0.050002 0.398585 0.714563 -0.572739 0.379368 0.275962 -0.097096 
588524042202118 -0.072596 0.416638 0.704949 -0.569376 0.381728 0.281951 -0.088755 
588524075703827 -0.097720 0.440511 0.692353 -0.563070 0.383806 0.287715 -0.080511 
588524109059210 -0.119293 0.460346 0.683951 -0.553227 0.386351 0.293155 -0.071448 
588524142561163 -0.135795 0.473356 0.681170 -0.541758 0.389509 0.296166 -0.063129 
588524175998625 -0.147031 0.485533 0.680852 -0.528280 0.393272 0.297091 -0.054800 
588524243002287 -0.169644 0.518389 0.674434 -0.497626 0.400391 0.297636 -0.040580 
588524309891560 -0.189244 0.549019 0.669728 -0.462848 0.405765 0.296161 -0.028127 
588524343384805 -0.196451 0.562292 0.669082 -0.444482 0.408109 0.294917 -0.022623 
588524377026181 -0.203629 0.573361 0.668453 -0.427740 0.410436 0.293420 -0.017707 
588524410527890 -0.207671 0.582083 0.669551 -0.412012 0.411785 0.292299 -0.013489 
588524477531552 -0.214480 0.602519 0.668198 -0.380105 0.413883 0.290168 -0.007773 
588524511076895 -0.218821 0.610464 0.666663 -0.367440 0.413941 0.289300 -0.006610 
588524544578848 -0.223398 0.619828 0.663600 -0.354319 0.415079 0.289374 -0.005619 
588524578080557 -0.229784 0.624824 0.660969 -0.346285 0.415666 0.290895 -0.005270 
588524611728069 -0.235821 0.626866 0.658465 -0.343295 0.419292 0.291728 -0.007125 
588524645230022 -0.243957 0.630838 0.650767 -0.345009 0.420150 0.295794 -0.008686 
588524678804669 -0.252441 0.637048 0.639927 -0.347759 0.422019 0.300417 -0.009745 
588524745816225 -0.264477 0.646136 0.623256 -0.352295 0.424385 0.309735 -0.013035 
588524779310040 -0.272009 0.649224 0.616343 -0.353046 0.425468 0.313725 -0.013777 
588524812872373 -0.279116 0.652011 0.610910 -0.351803 0.425767 0.317719 -0.014840 
588524846374326 -0.285771 0.653527 0.606389 -0.351469 0.426443 0.321096 -0.014338 
588524913411546 -0.304424 0.656793 0.592489 -0.353422 0.426932 0.327495 -0.011649 
588524946894375 -0.312859 0.656905 0.586809 -0.355318 0.426636 0.330764 -0.009366 
588524980421122 -0.322468 0.658787 0.578520 -0.356831 0.428122 0.333041 -0.006422 
588525014055399 -0.332111 0.660918 0.570170 -0.357485 0.428541 0.335746 -0.002730 
588525080926493 -0.344685 0.660461 0.563089 -0.357652 0.429822 0.340896 0.006943 
588525114410954 -0.351239 0.660783 0.557587 -0.359297 0.431808 0.343382 0.012123 
588525147912907 -0.356227 0.661342 0.552287 -0.361535 0.432974 0.346856 0.017562 
588525214894302 -0.361769 0.659226 0.545424 -0.370212 0.440407 0.352709 0.028104 
588525248396255 -0.365168 0.657276 0.542329 -0.374859 0.444354 0.357578 0.033703 
588525315285281 -0.375369 0.654640 0.530560 -0.386070 0.456898 0.368132 0.042124 
588525382288943 -0.381488 0.654097 0.518450 -0.397282 0.475570 0.381086 0.048055 
588525449276519 -0.384064 0.652788 0.511595 -0.405751 0.501571 0.393767 0.055585 
588525516291844 -0.385149 0.641180 0.517793 -0.415258 0.534916 0.403173 0.069222 
588525549793553 -0.384108 0.636024 0.521769 -0.419157 0.554352 0.405631 0.077161 
588525616997479 -0.386495 0.625855 0.524448 -0.428813 0.594758 0.407434 0.095551 
588525650499188 -0.383286 0.617427 0.531307 -0.435417 0.617588 0.405517 0.105738 
588525684009645 -0.380076 0.608063 0.537335 -0.443928 0.640065 0.404796 0.116368 
588525751013307 -0.371804 0.598614 0.541933 -0.457966 0.693217 0.398132 0.139511 
588525817962936 -0.367215 0.580291 0.552049 -0.472923 0.746650 0.394777 0.168668 
588525851464645 -0.362937 0.573884 0.557225 -0.477948 0.773057 0.395862 0.184920 
588525884975738 -0.359596 0.563091 0.562628 -0.486898 0.797966 0.398583 0.201502 
588525951979400 -0.335687 0.550844 0.577393 -0.500501 0.847811 0.405928 0.231269 
588525985494843 -0.316941 0.550357 0.585513 -0.503815 0.870709 0.409696 0.244404 
588526018996796 -0.294120 0.547315 0.597624 -0.506740 0.893247 0.414141 0.256062 
588526052498505 -0.271117 0.543393 0.610963 -0.507882 0.913543 0.419141 0.265429 
588526119517359 -0.252264 0.533966 0.622380 -0.513699 0.944906 0.431706 0.277110 
588526153019068 -0.245382 0.526093 0.628819 -0.517300 0.957268 0.438047 0.279520 
588526186770321 -0.241692 0.520213 0.631214 -0.522045 0.966489 0.444871 0.279879 
588526253834489 -0.227563 0.505503 0.637042 -0.535593 0.983791 0.454713 0.277666 
588526287133701 -0.218678 0.499851 0.638554 -0.542750 0.990618 0.458400 0.273946 
588526354137363 -0.207832 0.494224 0.635982 -0.555045 1.003084 0.463882 0.264824 
588526387640333 -0.202173 0.492297 0.635078 -0.559862 1.008702 0.465800 0.259465 
588526454790043 -0.186966 0.474482 0.640142 -0.574568 1.016513 0.469760 0.248656 
588526521806640 -0.160479 0.438105 0.657059 -0.592101 1.025129 0.473948 0.237326 
588526555308349 -0.148099 0.416480 0.665244 -0.601716 1.028910 0.476218 0.231755 
588526622375702 -0.127624 0.381096 0.677173 -0.616373 1.036414 0.479065 0.219590 
588526655877411 -0.122575 0.364573 0.680820 -0.623334 1.040296 0.479963 0.213496 
588526689379120 -0.113964 0.353570 0.683221 -0.628657 1.044742 0.480064 0.205900 
588526722816142 -0.106653 0.347839 0.683846 -0.632446 1.049381 0.479643 0.197434 
588526756317851 -0.104489 0.341802 0.684176 -0.635734 1.054268 0.479192 0.189500 
588526789884447 -0.105980 0.337987 0.682890 -0.638900 1.059995 0.478544 0.181418 
588526823386400 -0.104301 0.333379 0.682299 -0.642220 1.065429 0.477509 0.172703 
588526856888109 -0.100465 0.322201 0.684303 -0.646392 1.071076 0.476340 0.163745 
588526890470628 -0.095819 0.311470 0.684909 -0.651694 1.077828 0.475131 0.153515 
588526923972581 -0.089607 0.298129 0.686434 -0.657189 1.083932 0.473839 0.142023 
588526957474290 -0.082202 0.287808 0.686981 -0.662167 1.090686 0.472228 0.128630 
588527024774554 -0.071398 0.273037 0.683947 -0.672733 1.105977 0.468997 0.098747 
588527058276263 -0.066663 0.269022 0.681582 -0.677222 1.115024 0.467746 0.082383 
588527091777972 -0.062440 0.267893 0.679822 -0.679835 1.125271 0.467347 0.065916 
588527158767980 -0.047710 0.256006 0.681771 -0.683647 1.144248 0.469162 0.035686 
588527192310046 -0.037138 0.251732 0.686308 -0.681346 1.155547 0.469920 0.022013 
588527259313708 -0.035796 0.240917 0.693082 -0.678465 1.176246 0.475313 0.000241 
588527292812708 -0.031114 0.232642 0.696246 -0.678344 1.185442 0.477385 -0.010095 
588527359816370 -0.002728 0.208589 0.703658 -0.679227 1.202748 0.480000 -0.031578 
588527393318079 0.017169 0.194848 0.708303 -0.678267 1.210196 0.480388 -0.042749 
588527426885686 0.039466 0.179246 0.713696 -0.675982 1.216676 0.479719 -0.054241 
588527460387395 0.061173 0.162310 0.718114 -0.673963 1.222200 0.479603 -0.064541 
588527493773780 0.076963 0.147701 0.720630 -0.673018 1.228339 0.478418 -0.075114 
588527527275734 0.086570 0.137029 0.721292 -0.673399 1.233655 0.478372 -0.084854 
588527560777443 0.093180 0.130079 0.720715 -0.674512 1.239372 0.478346 -0.094802 
588527627963391 0.105631 0.119364 0.719990 -0.675432 1.252638 0.478217 -0.115262 
588527661465100 0.111044 0.113383 0.720163 -0.675410 1.259740 0.477967 -0.125386 
588527728361421 0.125494 0.099751 0.720595 -0.674569 1.276043 0.477037 -0.145989 
588527795364839 0.136901 0.087566 0.720503 -0.674141 1.293112 0.475684 -0.165859 
588527828917315 0.140157 0.081900 0.719526 -0.675226 1.302822 0.475880 -0.176110 
588527895920733 0.148728 0.071630 0.713562 -0.680866 1.321127 0.476578 -0.197237 
588527962944886 0.168667 0.060006 0.709554 -0.681530 1.337740 0.477490 -0.220331 
588527996446595 0.176800 0.055806 0.708728 -0.680685 1.344536 0.477153 -0.231775 
588528029917829 0.185729 0.052418 0.707587 -0.679762 1.350316 0.476449 -0.242624 
588528096904971 0.199195 0.054692 0.701675 -0.681896 1.358335 0.471390 -0.268017 
588528130368995 0.209367 0.053161 0.698970 -0.681748 1.360464 0.467947 -0.279276 
588528197372413 0.223310 0.053652 0.696626 -0.679681 1.366165 0.461400 -0.305811 
588528264457864 0.241316 0.045384 0.695894 -0.674862 1.366216 0.453603 -0.329344 
588528331403033 0.257701 0.039678 0.692092 -0.673071 1.364103 0.444711 -0.358491 
588528364904742 0.259737 0.041016 0.690897 -0.673436 1.362646 0.440531 -0.374471 
588528398358030 0.260299 0.045452 0.689225 -0.674645 1.356512 0.436134 -0.388104 
588528465361692 0.250440 0.054102 0.687600 -0.679381 1.352332 0.427820 -0.423494 
588528498863401 0.242758 0.059219 0.687077 -0.682265 1.350247 0.423995 -0.442498 
588528532295461 0.232346 0.065397 0.686888 -0.685510 1.347212 0.420841 -0.461239 
588528565797170 0.223244 0.069605 0.687232 -0.687771 1.344232 0.419001 -0.482023 
588528599351937 0.217148 0.078775 0.686455 -0.689508 1.341110 0.417803 -0.505870 
588528666355600 0.204025 0.100789 0.684979 -0.692112 1.333309 0.420953 -0.553082 
588528699556813 0.197643 0.112642 0.684455 -0.692654 1.330019 0.423552 -0.576401 
588528733396693 0.187793 0.122735 0.685516 -0.692631 1.328370 0.426888 -0.598417 
588528800400355 0.154300 0.135059 0.688834 -0.695312 1.324638 0.432678 -0.636161 
588528833624835 0.136449 0.145448 0.689349 -0.696437 1.327217 0.433738 -0.660914 
588528867126544 0.119103 0.157536 0.688964 -0.697370 1.326148 0.434851 -0.677951 
588528900628497 0.105427 0.170517 0.688040 -0.697431 1.325585 0.435440 -0.694852 
588528934249540 0.097959 0.178413 0.687858 -0.696724 1.325190 0.436585 -0.708480 
588528967751249 0.093765 0.182787 0.687704 -0.696319 1.325390 0.436607 -0.724849 
588529034793740 0.081171 0.192928 0.688091 -0.694781 1.327256 0.435546 -0.757610 
588529068295449 0.071123 0.200318 0.687904 -0.693976 1.328577 0.434346 -0.774128 
588529135299111 0.057334 0.213349 0.687237 -0.692026 1.333622 0.430799 -0.812620 
588529168502194 0.053477 0.214505 0.687452 -0.691765 1.335867 0.429134 -0.830303 
588529235505375 0.051424 0.212207 0.690837 -0.689251 1.342114 0.425154 -0.869754 
588529302509037 0.049515 0.204898 0.697624 -0.684753 1.350077 0.420968 -0.910575 
588529336104366 0.050753 0.199023 0.701112 -0.682829 1.353683 0.418080 -0.938651 
588529369606075 0.052114 0.192483 0.704187 -0.681436 1.357674 0.417811 -0.960756 
588529436643361 0.061683 0.175597 0.709152 -0.680048 1.365373 0.420045 -1.015363 
588529470145070 0.075197 0.169330 0.710727 -0.678631 1.368453 0.422377 -1.042199 
588529537148732 0.095767 0.157367 0.713203 -0.676317 1.371941 0.428495 -1.093551 
588529570581406 0.094853 0.148582 0.713613 -0.677999 1.372849 0.431401 -1.116122 
588529637488773 0.101486 0.138266 0.708012 -0.685056 1.372081 0.433258 -1.164337 
588529670990482 0.113981 0.134508 0.704602 -0.687351 1.370889 0.432485 -1.187697 
588529704575374 0.125277 0.129574 0.702951 -0.688024 1.369280 0.432267 -1.209135 
588529771578792 0.145964 0.114726 0.702305 -0.687241 1.365988 0.429647 -1.251946 
588529805118088 0.157159 0.105887 0.700414 -0.688120 1.362938 0.428420 -1.270835 
588529838619797 0.168742 0.096063 0.697636 -0.689639 1.359692 0.426603 -1.292193 
588529905623459 0.186358 0.080384 0.693247 -0.691533 1.352220 0.422767 -1.335380 
588529938973323 0.190888 0.075261 0.692793 -0.691329 1.347735 0.421322 -1.356573 
588530005976985 0.191670 0.068318 0.692047 -0.692579 1.337840 0.418854 -1.399298 
588530039469254 0.189763 0.064806 0.691373 -0.694114 1.332553 0.418964 -1.419850 
588530072970963 0.190295 0.059708 0.690227 -0.695564 1.327353 0.419345 -1.442052 
588530139950287 0.204593 0.045872 0.692153 -0.690624 1.315299 0.422322 -1.484448 
588530173451996 0.212460 0.044474 0.693059 -0.687424 1.310422 0.425071 -1.510176 
588530206953949 0.214105 0.046159 0.692999 -0.686863 1.306579 0.428620 -1.535175 
588530240503470 0.208784 0.045388 0.694137 -0.687402 1.302682 0.433817 -1.552271 
588530274005179 0.199397 0.044483 0.695797 -0.688570 1.300298 0.437775 -1.574099 
588530307507132 0.189100 0.047883 0.696801 -0.690229 1.298318 0.440839 -1.595734 
588530341101573 0.176765 0.056706 0.696737 -0.692889 1.297032 0.443544 -1.618041 
588530408105235 0.166216 0.076818 0.694522 -0.695781 1.295995 0.444947 -1.663396 
588530441696546 0.166058 0.083015 0.693103 -0.696521 1.296383 0.444927 -1.684908 
588530513703011 0.168332 0.091328 0.694028 -0.694009 1.299927 0.442865 -1.737937 
588530547231311 0.168518 0.095841 0.695332 -0.692048 1.302565 0.442356 -1.756990 
588530614234973 0.163044 0.101169 0.698525 -0.689380 1.308211 0.439495 -1.807454 
588530647602818 0.159269 0.097859 0.701395 -0.687825 1.312545 0.437941 -1.825544 
588530676101724 0.155608 0.097794 0.703692 -0.686323 1.316023 0.436501 -1.847596 
588530743175669 0.150988 0.092556 0.709960 -0.681610 1.325044 0.433474 -1.900259 
588530810179331 0.146879 0.096172 0.713826 -0.677959 1.335746 0.432017 -1.954377 
588530848818487 0.163661 0.106612 0.711665 -0.674820 1.342689 0.431190 -1.982998 
588530915753952 0.180715 0.103847 0.717172 -0.664997 1.354924 0.432361 -2.035118 
588530977633312 0.181096 0.102988 0.715574 -0.666746 1.363238 0.435030 -2.078849 
588530977633312 0.181096 0.102988 0.715574 -0.666746 1.363238 0.435030 -2.078849 TAG001 
588531044737235 0.173014 0.108977 0.711515 -0.672263 1.369784 0.436906 -2.120431 
588531145266882 0.159494 0.120418 0.710006 -0.675243 1.380866 0.436925 -2.185157 
588531178768591 0.155002 0.122831 0.708984 -0.676926 1.384337 0.436089 -2.207303 
588531245857590 0.145308 0.127856 0.709187 -0.677933 1.392146 0.433991 -2.252681 
588531312861252 0.128709 0.136248 0.711722 -0.676995 1.400129 0.431416 -2.299485 
588531346353658 0.118284 0.142852 0.713016 -0.676173 1.404579 0.430886 -2.323552 
588531451933532 0.091566 0.155264 0.715269 -0.675203 1.417048 0.430845 -2.401578 
588531518937194 0.079711 0.173914 0.714417 -0.673059 1.424639 0.435510 -2.453290 
588531585915904 0.059050 0.187488 0.715735 -0.670138 1.434743 0.445633 -2.501545 
588531619432086 0.038119 0.192586 0.718336 -0.667421 1.439096 0.451422 -2.522491 
588531686325967 0.000932 0.216037 0.720945 -0.658457 1.449415 0.460539 -2.563830 
588531714934655 -0.007400 0.225285 0.720225 -0.656101 1.453651 0.463561 -2.582822 
588531748311013 -0.014802 0.233355 0.718260 -0.655308 1.458489 0.467308 -2.604988 
588531781812722 -0.025259 0.241307 0.715871 -0.654722 1.463055 0.471235 -2.626416 
588531815247551 -0.039459 0.245403 0.714108 -0.654423 1.467975 0.474809 -2.647944 
588531882250969 -0.057256 0.243166 0.715173 -0.652778 1.475235 0.480303 -2.691379 
588531915752922 -0.060385 0.238323 0.717238 -0.652016 1.478707 0.481971 -2.714184 
588531948935786 -0.063160 0.232237 0.718525 -0.652533 1.482654 0.483391 -2.734024 
588531982437495 -0.062641 0.224309 0.719281 -0.654520 1.485316 0.484491 -2.757408 
588532049448513 -0.061265 0.206377 0.719203 -0.660608 1.487785 0.486138 -2.796572 
588532082927924 -0.060801 0.204883 0.717932 -0.662495 1.490056 0.487010 -2.819808 
588532116429877 -0.053912 0.204654 0.717229 -0.663922 1.492661 0.487909 -2.844378 
588532183609085 -0.032547 0.204796 0.719178 -0.663161 1.496033 0.490876 -2.886023 
588532284102988 -0.023629 0.193333 0.715767 -0.670628 1.493516 0.493463 -2.940741 
588532317604697 -0.023671 0.201177 0.712078 -0.672244 1.492293 0.492927 -2.960169 
588532351077383 -0.028485 0.210418 0.707623 -0.673930 1.490441 0.492932 -2.976841 
588532418081045 -0.034703 0.215302 0.699984 -0.680046 1.485707 0.491484 -3.011152 
588532451719992 -0.031347 0.213770 0.696041 -0.684724 1.483987 0.491004 -3.031558 
588532518723654 -0.017676 0.207287 0.689322 -0.693941 1.476528 0.487489 -3.067942 
588532552110285 -0.014156 0.203216 0.687891 -0.696641 1.472309 0.486074 -3.089626 
588532585612238 -0.008589 0.199498 0.687781 -0.697914 1.466739 0.484145 -3.108086 
588532585612238 -0.008589 0.199498 0.687781 -0.697914 1.466739 0.484145 -3.108086 TAG001 
588532652589921 -0.005899 0.186537 0.686529 -0.702743 1.454173 0.480691 -3.141050 
588532686089921 -0.002626 0.181410 0.684561 -0.706017 1.446442 0.479521 -3.159256 
588532719591630 0.002574 0.172303 0.683728 -0.709099 1.437976 0.478951 -3.177307 
588532753134735 0.006014 0.164856 0.683528 -0.711039 1.428351 0.479166 -3.194363 
588532791639492 0.006338 0.159617 0.681943 -0.713748 1.416534 0.481184 -3.214658 
588532858593595 0.022722 0.147808 0.682472 -0.715450 1.396606 0.486864 -3.256237 
588532892116096 0.033469 0.137206 0.684332 -0.715363 1.386198 0.489996 -3.273592 
588532959088666 0.054955 0.108609 0.689220 -0.714255 1.364429 0.494976 -3.304571 
588532992590619 0.070750 0.095769 0.691978 -0.712032 1.352707 0.495704 -3.319425 
588533059585770 0.103702 0.070367 0.693753 -0.709226 1.326739 0.495291 -3.350278 
588533093087723 0.121526 0.057806 0.692494 -0.708761 1.313078 0.495249 -3.364493 
588533126539139 0.135701 0.046509 0.690328 -0.709133 1.299366 0.495857 -3.377886 
588533193662984 0.154059 0.027850 0.687945 -0.708676 1.272418 0.497852 -3.400212 
588533227164693 0.163225 0.018119 0.686336 -0.708499 1.259078 0.498477 -3.411645 
588533294195489 0.185718 -0.001947 0.680841 -0.708492 1.233405 0.498164 -3.435358 
588533327697198 0.197065 -0.011810 0.676927 -0.709081 1.221131 0.497058 -3.447129 
588533361221868 0.208983 -0.020644 0.673093 -0.709116 1.209421 0.495622 -3.459612 
588533394723821 0.219184 -0.028749 0.669918 -0.708761 1.198566 0.493496 -3.472136 
588533461691675 0.241404 -0.044101 0.665717 -0.704698 1.179508 0.488665 -3.498489 
588533528695337 0.262165 -0.057324 0.662806 -0.699050 1.163145 0.484819 -3.527600 
588533629164223 0.290628 -0.078191 0.653630 -0.694399 1.141226 0.483953 -3.577267 
588533696124150 0.311818 -0.086660 0.644865 -0.692394 1.126551 0.484392 -3.609730 
588533763051052 0.339494 -0.104893 0.638408 -0.682771 1.108986 0.484059 -3.641317 
588533830054714 0.364217 -0.124620 0.626583 -0.677650 1.089015 0.480951 -3.666778 
588533897051816 0.384632 -0.141624 0.611014 -0.677246 1.065169 0.475016 -3.685304 
588533930553525 0.401429 -0.149004 0.601106 -0.674778 1.050498 0.471084 -3.693578 
588533997466300 0.427744 -0.158551 0.586599 -0.669177 1.019858 0.463529 -3.704209 
588534064615822 0.443992 -0.171032 0.571051 -0.668969 0.988339 0.457723 -3.711035 
588534098117775 0.452759 -0.181381 0.561603 -0.668365 0.972450 0.454811 -3.713099 
588534165164810 0.472839 -0.199586 0.543092 -0.664559 0.940801 0.447817 -3.712421 
588534198666763 0.480053 -0.204671 0.536031 -0.663573 0.922920 0.444185 -3.712560 
588534232168472 0.485894 -0.209212 0.529913 -0.662819 0.904752 0.440717 -3.712325 
588534299075214 0.496757 -0.221803 0.515765 -0.661833 0.869240 0.434298 -3.707603 
588534332575295 0.501627 -0.231200 0.508720 -0.660395 0.850736 0.431999 -3.705058 
588534365922105 0.506838 -0.243337 0.501941 -0.657235 0.833186 0.430850 -3.700752 
588534432925767 0.521149 -0.261229 0.485129 -0.651776 0.792223 0.430741 -3.690227 
588534466422222 0.524095 -0.267586 0.478413 -0.651800 0.771219 0.432137 -3.684410 
588534533425884 0.533623 -0.284731 0.463916 -0.647269 0.732118 0.436895 -3.673177 
588534566961835 0.536050 -0.292961 0.459646 -0.644632 0.713715 0.439177 -3.667446 
588534600463788 0.537049 -0.301585 0.458586 -0.640565 0.696991 0.440986 -3.661401 
588534633948554 0.540878 -0.309560 0.456006 -0.635360 0.679568 0.441525 -3.655404 
588534695922558 0.553576 -0.318648 0.443509 -0.628742 0.647978 0.439379 -3.644792 
588534729424267 0.560440 -0.322961 0.435167 -0.626285 0.631283 0.437585 -3.640070 
588534767884891 0.566224 -0.329516 0.426443 -0.623663 0.612122 0.435652 -3.635556 
588534829885750 0.580489 -0.340136 0.412054 -0.614451 0.581582 0.432613 -3.629780 
588534863378352 0.586556 -0.345008 0.406048 -0.609956 0.564401 0.430854 -3.626549 
588534896880306 0.588888 -0.350701 0.401790 -0.607277 0.548169 0.429651 -3.623464 
588534930367326 0.591127 -0.356782 0.396929 -0.604751 0.530631 0.428135 -3.621097 
588534997370988 0.600223 -0.370537 0.384915 -0.595209 0.496234 0.425179 -3.617587 
588535030872697 0.606338 -0.379642 0.378777 -0.587159 0.478482 0.423389 -3.616631 
588535064314782 0.614449 -0.388696 0.371067 -0.577649 0.459299 0.421019 -3.615911 
588535131485459 0.631776 -0.404361 0.356984 -0.556699 0.420133 0.416655 -3.615805 
588535164987168 0.636133 -0.409657 0.351987 -0.551018 0.400695 0.415586 -3.616733 
588535198489121 0.639038 -0.417600 0.346754 -0.544980 0.381329 0.416315 -3.618136 
588535232096338 0.643656 -0.426962 0.338221 -0.537603 0.361023 0.418670 -3.619551 
588535265661808 0.649887 -0.433450 0.326667 -0.532031 0.339694 0.422397 -3.620929 
588535332601709 0.658173 -0.451924 0.316570 -0.512207 0.301121 0.431476 -3.623136 
588535366115574 0.659526 -0.461749 0.313926 -0.503253 0.281945 0.434563 -3.623722 
588535399617527 0.659231 -0.472016 0.310231 -0.496359 0.264051 0.435992 -3.623538 
588535433179119 0.657456 -0.480536 0.304004 -0.494388 0.245563 0.435666 -3.622047 
588535466679282 0.660180 -0.484347 0.291180 -0.494757 0.226507 0.434099 -3.619382 
588535533682944 0.669446 -0.486928 0.276796 -0.487982 0.190826 0.431704 -3.614393 
588535567268097 0.673081 -0.489554 0.273157 -0.482373 0.174538 0.431206 -3.612358 
588535600770417 0.675041 -0.494896 0.267861 -0.477124 0.156839 0.430728 -3.609676 
588535634309607 0.674063 -0.500677 0.262419 -0.475498 0.138032 0.430548 -3.606255 
588535667811560 0.671816 -0.506993 0.258737 -0.474000 0.119270 0.430232 -3.602728 
588535701313269 0.670183 -0.512616 0.255904 -0.471797 0.100016 0.430107 -3.599000 
588535734906239 0.668284 -0.517430 0.254450 -0.470018 0.079069 0.430339 -3.594827 
588535801909901 0.656433 -0.529013 0.265329 -0.467805 0.040162 0.433396 -3.586975 
588535835298038 0.648482 -0.534682 0.273234 -0.467899 0.020888 0.436220 -3.583038 
588535902301700 0.637793 -0.544296 0.285146 -0.464386 -0.019230 0.444382 -3.577121 
588535935803409 0.637220 -0.543535 0.286467 -0.465249 -0.041362 0.450091 -3.573675 
588535969276276 0.634867 -0.537019 0.288250 -0.474833 -0.065436 0.456218 -3.569907 
588536036276438 0.618404 -0.536904 0.308867 -0.483644 -0.105304 0.472358 -3.567457 
588536069694071 0.605285 -0.535388 0.325266 -0.491113 -0.123846 0.479198 -3.567982 
588536103195780 0.593945 -0.530000 0.337580 -0.502364 -0.143060 0.485259 -3.569020 
588536136691279 0.589653 -0.525809 0.344085 -0.507386 -0.163811 0.489947 -3.570462 
588536203694941 0.586515 -0.514847 0.354161 -0.515269 -0.203693 0.496919 -3.573883 
588536237196650 0.585938 -0.510814 0.359228 -0.516430 -0.223487 0.499794 -3.576372 
588536270840087 0.585863 -0.509187 0.363847 -0.514886 -0.246576 0.502122 -3.578886 
588536304341796 0.585453 -0.506929 0.368294 -0.514418 -0.267143 0.504335 -3.581684 
588536337843505 0.586313 -0.504912 0.371601 -0.513043 -0.288596 0.506412 -3.584218 
588536404841248 0.584469 -0.498917 0.379664 -0.515104 -0.334050 0.511394 -3.589571 
588536438342957 0.581639 -0.498916 0.384885 -0.514434 -0.357162 0.514994 -3.592669 
588536505477605 0.571330 -0.501955 0.395427 -0.515034 -0.408696 0.524979 -3.598049 
588536538979314 0.566240 -0.505117 0.399747 -0.514229 -0.433494 0.532834 -3.601333 
588536572257235 0.563176 -0.507254 0.401482 -0.514139 -0.458122 0.543052 -3.605599 
588536639260653 0.568760 -0.503514 0.399274 -0.513387 -0.509233 0.567494 -3.612906 
588536672968143 0.573884 -0.498087 0.392987 -0.517810 -0.530831 0.582496 -3.616995 
588536711363565 0.580832 -0.495089 0.386395 -0.517899 -0.557206 0.600584 -3.620951 
588536739951827 0.581893 -0.494343 0.385824 -0.517847 -0.575750 0.614964 -3.623216 
588536806955489 0.581085 -0.489993 0.387001 -0.521994 -0.612897 0.648265 -3.628025 
588536840457198 0.580434 -0.489078 0.388528 -0.522441 -0.629769 0.663917 -3.629236 
588536873939770 0.580042 -0.487584 0.389479 -0.523564 -0.643738 0.678253 -3.628810 
588536940943188 0.583260 -0.485333 0.387373 -0.523643 -0.680519 0.704164 -3.628213 
588536974434161 0.583811 -0.483130 0.386823 -0.525469 -0.699518 0.714934 -3.627141 
588537007935869 0.583682 -0.481223 0.387125 -0.527137 -0.719223 0.724267 -3.626667 
588537041448167 0.581547 -0.480011 0.389571 -0.528798 -0.737048 0.731770 -3.627426 
588537108451830 0.576938 -0.474538 0.396637 -0.533512 -0.778317 0.739958 -3.628243 
588537142017706 0.574059 -0.471281 0.401345 -0.535978 -0.798654 0.741344 -3.629749 
588537209021368 0.569289 -0.462159 0.407807 -0.544069 -0.846150 0.743978 -3.630808 
588537242654406 0.564834 -0.458963 0.411794 -0.548400 -0.869499 0.745770 -3.630836 
588537276156359 0.562248 -0.457266 0.411057 -0.553007 -0.895627 0.749982 -3.629916 
588537343159777 0.553897 -0.452151 0.414087 -0.563285 -0.948575 0.766126 -3.627556 
588537376682340 0.550180 -0.442832 0.416836 -0.572233 -0.973135 0.776588 -3.627550 
588537415186852 0.550243 -0.427661 0.420566 -0.580916 -1.002714 0.790983 -3.629509 
588537477049228 0.545135 -0.402708 0.433230 -0.594109 -1.044104 0.817585 -3.635727 
588537510550937 0.539888 -0.390169 0.440020 -0.602222 -1.063645 0.832797 -3.640654 
588537544001773 0.532407 -0.381216 0.446604 -0.609723 -1.079089 0.847487 -3.645711 
588537577503726 0.527741 -0.376289 0.450723 -0.613796 -1.095088 0.861459 -3.651154 
588537644507144 0.524362 -0.374838 0.456966 -0.612962 -1.125998 0.884596 -3.661398 
588537677850657 0.522602 -0.371651 0.460352 -0.613872 -1.143614 0.893255 -3.667110 
588537711352366 0.521698 -0.366105 0.463628 -0.615506 -1.160815 0.900221 -3.672174 
588537744779846 0.519246 -0.361068 0.468617 -0.616775 -1.177693 0.905923 -3.677725 
588537811783508 0.514833 -0.355128 0.477859 -0.616832 -1.212442 0.913226 -3.688328 
588537845516197 0.513836 -0.353750 0.480917 -0.616078 -1.233142 0.915375 -3.693431 
588537912519859 0.510225 -0.351679 0.487464 -0.615118 -1.271340 0.915505 -3.705647 
588537946021568 0.509724 -0.350441 0.489258 -0.614816 -1.291880 0.914004 -3.712327 
588537979436427 0.509254 -0.350795 0.491622 -0.613116 -1.317004 0.912393 -3.718683 
588538012938136 0.507623 -0.351334 0.495171 -0.611300 -1.338493 0.910345 -3.726573 
588538079932514 0.501567 -0.355463 0.504566 -0.606209 -1.378574 0.907413 -3.743137 
588538113434223 0.499370 -0.362310 0.510151 -0.599255 -1.398769 0.908293 -3.752012 
588538146935932 0.494659 -0.367452 0.515719 -0.595253 -1.420314 0.912083 -3.761606 
588538180391447 0.492272 -0.368970 0.518434 -0.593932 -1.443173 0.916161 -3.771096 
588538247394865 0.500512 -0.365232 0.515925 -0.591535 -1.489887 0.927522 -3.790269 
588538280696953 0.496740 -0.371615 0.522772 -0.584689 -1.507506 0.934928 -3.798521 
588538314198662 0.494249 -0.379837 0.526072 -0.578524 -1.526638 0.940730 -3.804664 
588538347701567 0.495721 -0.388087 0.524631 -0.573072 -1.545620 0.945729 -3.809421 
588538381203520 0.498527 -0.394449 0.522092 -0.568595 -1.565948 0.948643 -3.814085 
588538414705229 0.500778 -0.395411 0.520017 -0.567850 -1.586975 0.950192 -3.818762 
588538481649676 0.495930 -0.392552 0.518667 -0.575275 -1.629504 0.950767 -3.827810 
588538515151385 0.493322 -0.392992 0.517246 -0.578487 -1.651165 0.949816 -3.831866 
588538553661413 0.493646 -0.395961 0.513649 -0.579390 -1.673758 0.948240 -3.836798 
588538620665075 0.495956 -0.400250 0.508604 -0.578921 -1.719140 0.943807 -3.843078 
588538654166784 0.495312 -0.402260 0.507366 -0.579165 -1.742711 0.941255 -3.845349 
588538721143367 0.493248 -0.404149 0.505168 -0.581528 -1.792912 0.936087 -3.849065 
588538788075854 0.489320 -0.410967 0.503444 -0.581563 -1.844471 0.933968 -3.850888 
588538821623786 0.493539 -0.414221 0.499731 -0.578886 -1.871876 0.935731 -3.851254 
588538855259473 0.498702 -0.417971 0.496153 -0.574829 -1.898966 0.939595 -3.850834 
588538922207431 0.501673 -0.421924 0.492020 -0.572905 -1.951850 0.947938 -3.849123 
588538950706337 0.503720 -0.426253 0.491645 -0.568207 -1.972421 0.951447 -3.848744 
588538984221593 0.507164 -0.429426 0.490656 -0.563591 -1.996458 0.955122 -3.849026 
588539017723302 0.509409 -0.429717 0.490367 -0.561592 -2.018725 0.957009 -3.848558 
588539051225011 0.511852 -0.430730 0.489071 -0.559722 -2.040431 0.957723 -3.847787 
588539084762827 0.517250 -0.434021 0.484044 -0.556578 -2.064368 0.958022 -3.847723 
588539118264536 0.523536 -0.436277 0.476621 -0.555342 -2.088147 0.957085 -3.846903 
588539151761850 0.528679 -0.438259 0.470508 -0.554120 -2.113201 0.956409 -3.848445 
588539185263559 0.532851 -0.440815 0.466337 -0.551618 -2.136654 0.954770 -3.847823 
588539218765268 0.537582 -0.443595 0.462437 -0.548070 -2.160232 0.952789 -3.847037 
588539252316603 0.544162 -0.446153 0.456885 -0.544143 -2.185374 0.950670 -3.847348 
588539285818312 0.551247 -0.450108 0.451102 -0.538551 -2.209903 0.948295 -3.846139 
588539319320021 0.556467 -0.455145 0.447152 -0.532206 -2.234168 0.945828 -3.844759 
588539352821974 0.561699 -0.459643 0.442659 -0.526570 -2.258839 0.943182 -3.843052 
588539386370715 0.566410 -0.462934 0.437545 -0.522901 -2.284935 0.941394 -3.842137 
588539419872424 0.570908 -0.468843 0.432075 -0.517264 -2.309142 0.939777 -3.840156 
588539453401937 0.575972 -0.476528 0.427029 -0.508746 -2.332744 0.939999 -3.838292 
588539486908611 0.581222 -0.484531 0.420661 -0.500454 -2.355803 0.940669 -3.836048 
588539553907308 0.594738 -0.492420 0.400510 -0.493357 -2.402825 0.943686 -3.829129 
588539620968595 0.607680 -0.506611 0.384432 -0.475692 -2.441816 0.946634 -3.821540 
588539654559343 0.613025 -0.516508 0.374101 -0.466335 -2.459133 0.946467 -3.814677 
588539688061052 0.620087 -0.524775 0.358571 -0.459924 -2.477952 0.945315 -3.806587 
588539755064714 0.637185 -0.531083 0.326835 -0.452906 -2.514926 0.940704 -3.787313 
588539793578300 0.646257 -0.533678 0.314562 -0.445634 -2.534611 0.938285 -3.775517 
588539827080009 0.652058 -0.537156 0.304319 -0.440083 -2.550435 0.935933 -3.765469 
588539855634121 0.655524 -0.540788 0.294490 -0.437164 -2.563933 0.933581 -3.756336 
588539922637539 0.662434 -0.551447 0.272585 -0.427533 -2.593284 0.928238 -3.734876 
588539956139492 0.665912 -0.555566 0.262641 -0.422997 -2.607514 0.925341 -3.723891 
588539989522622 0.667633 -0.559521 0.255130 -0.419657 -2.616662 0.922475 -3.712350 
588540023024331 0.667992 -0.563696 0.248496 -0.417472 -2.629240 0.919709 -3.700994 
588540056502917 0.667965 -0.569993 0.240425 -0.413674 -2.639373 0.917693 -3.689123 
588540090004626 0.668145 -0.578090 0.230982 -0.407481 -2.650087 0.916557 -3.677030 
588540123506335 0.667567 -0.583575 0.221157 -0.406060 -2.660532 0.915916 -3.664141 
588540156968444 0.667407 -0.588582 0.211454 -0.404260 -2.668267 0.914826 -3.652320 
588540190470153 0.668191 -0.593710 0.201819 -0.400372 -2.677360 0.914349 -3.640277 
588540223971861 0.669652 -0.597221 0.190813 -0.398100 -2.686017 0.913420 -3.628443 
588540257473815 0.670908 -0.600986 0.181937 -0.394457 -2.693030 0.912280 -3.617407 
588540290915363 0.671811 -0.606346 0.174114 -0.388200 -2.698267 0.909989 -3.606805 
588540357821316 0.676384 -0.616180 0.147746 -0.375496 -2.706420 0.904955 -3.581918 
588540391323025 0.677943 -0.621899 0.130818 -0.369487 -2.708534 0.902327 -3.568016 
588540424824734 0.681060 -0.628912 0.109871 -0.358545 -2.709329 0.900044 -3.553868 
588540491773963 0.687702 -0.643254 0.067123 -0.329824 -2.708831 0.896250 -3.525163 
588540525275672 0.690437 -0.650072 0.047601 -0.313746 -2.706097 0.894521 -3.512180 
588540558780118 0.692496 -0.656356 0.027339 -0.298159 -2.702786 0.892622 -3.499818 
588540592281827 0.692631 -0.663323 0.008123 -0.283193 -2.698652 0.890728 -3.488585 
588540625783536 0.691607 -0.670898 -0.008625 -0.267398 -2.694031 0.889163 -3.479072 
588540659267584 0.691042 -0.677623 -0.026691 -0.250152 -2.689519 0.887307 -3.471179 
588540726271002 0.692560 -0.686822 -0.071405 -0.208657 -2.680226 0.885287 -3.458891 
588540793263122 0.690530 -0.693169 -0.125225 -0.164325 -2.672571 0.882496 -3.447502 
588540826764831 -0.686607 0.696383 0.152169 0.143057 -2.666054 0.881507 -3.444434 
588540860282842 -0.681617 0.698954 0.178018 0.123174 -2.659900 0.879838 -3.441971 
588540927286260 -0.668933 0.702267 0.226306 0.090195 -2.644139 0.875305 -3.441104 
588540960779494 -0.662037 0.702873 0.249225 0.074586 -2.636643 0.872432 -3.441433 
588540994281203 -0.654938 0.702392 0.272880 0.056909 -2.627611 0.869538 -3.443399 
588541027782912 -0.646719 0.702140 0.295261 0.039683 -2.617990 0.866553 -3.445973 
588541061284865 -0.637786 0.702420 0.315072 0.023756 -2.607847 0.863625 -3.449195 
588541094786287 -0.627923 0.703178 0.333386 0.010376 -2.597406 0.860591 -3.452703 
588541128287996 -0.617948 0.703633 0.350761 -0.002951 -2.586140 0.857860 -3.456977 
588541161789949 -0.608506 0.703914 0.365900 -0.018512 -2.574476 0.855731 -3.461978 
588541195283312 -0.598246 0.703127 0.382722 -0.035176 -2.558014 0.853595 -3.472270 
588541228785021 -0.587364 0.700489 0.402054 -0.051677 -2.544192 0.851974 -3.478078 
588541262279455 -0.576206 0.697061 0.421158 -0.068691 -2.530424 0.850898 -3.482763 
588541329282873 -0.554115 0.693550 0.448904 -0.102127 -2.498699 0.848612 -3.498359 
588541362784826 -0.542054 0.692032 0.462285 -0.116458 -2.481897 0.847233 -3.506677 
588541396369054 -0.530387 0.691360 0.473392 -0.128878 -2.464067 0.845702 -3.515837 
588541463372716 -0.510509 0.691251 0.488844 -0.150279 -2.429062 0.842704 -3.531197 
588541496720911 -0.499932 0.689376 0.498931 -0.160922 -2.407998 0.840763 -3.542194 
588541530222620 -0.490312 0.687064 0.507691 -0.172591 -2.389793 0.839071 -3.548825 
588541563668173 -0.481133 0.683524 0.516982 -0.184486 -2.370248 0.837680 -3.557382 
588541597169882 -0.472053 0.679076 0.527171 -0.195226 -2.351458 0.836078 -3.563476 
588541664173544 -0.459617 0.678390 0.534835 -0.206131 -2.312522 0.833946 -3.575183 
588541697440518 -0.454067 0.679544 0.536293 -0.210790 -2.293291 0.834012 -3.580506 
588541764444180 -0.440369 0.683629 0.538390 -0.221048 -2.252941 0.834415 -3.588902 
588541797938508 -0.434763 0.682737 0.542306 -0.225288 -2.232770 0.834861 -3.592517 
588541831440217 -0.431173 0.678726 0.548558 -0.229139 -2.213827 0.835373 -3.595609 
588541864942170 -0.430127 0.672907 0.554970 -0.232799 -2.195846 0.835664 -3.598792 
588541898458998 -0.430562 0.667131 0.559549 -0.237608 -2.180170 0.835553 -3.600940 
588541999166949 -0.420176 0.656266 0.576488 -0.245821 -2.128729 0.830327 -3.612452 
588542032668658 -0.412378 0.657120 0.580390 -0.247559 -2.112718 0.827855 -3.616816 
588542100088862 -0.397921 0.653428 0.589790 -0.258530 -2.083050 0.823417 -3.624039 
588542133590571 -0.390080 0.650000 0.596876 -0.262825 -2.068567 0.821067 -3.627769 
588542167092524 -0.382755 0.644369 0.605311 -0.268117 -2.054364 0.818734 -3.631651 
588542200913960 -0.374782 0.638662 0.613863 -0.273534 -2.040772 0.816013 -3.633956 
588542234415669 -0.366670 0.634553 0.620650 -0.278728 -2.026253 0.813483 -3.638153 
588542267917622 -0.358512 0.629748 0.627546 -0.284732 -2.011554 0.811042 -3.642360 
588542301654281 -0.348926 0.624188 0.635555 -0.291050 -1.998669 0.808691 -3.644603 
588542335155990 -0.340648 0.617943 0.642827 -0.298126 -1.983587 0.806514 -3.648311 
588542373660747 -0.331766 0.611347 0.650171 -0.305717 -1.965773 0.804001 -3.652192 
588542402286093 -0.325071 0.606722 0.655595 -0.310503 -1.953215 0.802612 -3.654921 
588542435787802 -0.318380 0.601039 0.661164 -0.316621 -1.937478 0.801093 -3.657768 
588542469121563 -0.313354 0.595631 0.664641 -0.324477 -1.923488 0.800888 -3.659076 
588542536125225 -0.301275 0.580449 0.675345 -0.340912 -1.890468 0.802555 -3.662628 
588542569626934 -0.294825 0.572343 0.681420 -0.348091 -1.872748 0.804815 -3.663761 
588542603164376 -0.289763 0.564638 0.686819 -0.354261 -1.855381 0.807994 -3.664702 
588542636666329 -0.284260 0.556415 0.693277 -0.359116 -1.837940 0.811451 -3.664642 
588542670168038 -0.281134 0.547467 0.698986 -0.364228 -1.821527 0.815133 -3.663749 
588542703572531 -0.279659 0.536737 0.704457 -0.370735 -1.804122 0.818627 -3.662653 
588542737074484 -0.279956 0.525853 0.708122 -0.379034 -1.789628 0.821741 -3.660475 
588542770489455 -0.279567 0.515896 0.711048 -0.387433 -1.778550 0.824094 -3.655812 
588542837512607 -0.269642 0.502702 0.720251 -0.394744 -1.749226 0.826596 -3.651931 
588542904515923 -0.271612 0.494360 0.725633 -0.394071 -1.722403 0.829666 -3.645734 
588542938017876 -0.275473 0.489592 0.727499 -0.393904 -1.708502 0.830832 -3.642060 
588543005109775 -0.279619 0.483413 0.728539 -0.396681 -1.681759 0.831429 -3.634064 
588543043614531 -0.280475 0.482638 0.728613 -0.396885 -1.663210 0.830128 -3.630764 
588543105774626 -0.283859 0.479478 0.729500 -0.396680 -1.630213 0.826498 -3.627010 
588543139276579 -0.284658 0.477433 0.731291 -0.395272 -1.612052 0.823729 -3.625777 
588543172778288 -0.286726 0.476992 0.731599 -0.393738 -1.592956 0.820686 -3.625326 
588543206255847 -0.288429 0.478615 0.730672 -0.392242 -1.573874 0.818837 -3.624682 
588543273259509 -0.291829 0.482043 0.726942 -0.392461 -1.531413 0.813859 -3.626727 
588543306720220 -0.293365 0.482257 0.724509 -0.395540 -1.511011 0.813049 -3.627792 
588543340222174 -0.294875 0.480839 0.721960 -0.400770 -1.489019 0.813446 -3.629874 
588543373648471 -0.299182 0.482004 0.717163 -0.404771 -1.465348 0.815550 -3.632286 
588543440652133 -0.305785 0.495961 0.703936 -0.406192 -1.416734 0.822313 -3.635831 
588543474112826 -0.301972 0.496692 0.704253 -0.407600 -1.392730 0.825778 -3.637538 
588543507502885 -0.301395 0.491751 0.706059 -0.410879 -1.368485 0.828972 -3.639386 
588543541004838 -0.307052 0.493043 0.702005 -0.412088 -1.347341 0.832595 -3.640799 
588543607901100 -0.320679 0.513403 0.685122 -0.405204 -1.304624 0.837343 -3.641749 
588543641403053 -0.322824 0.521469 0.678598 -0.404177 -1.282798 0.838186 -3.641849 
588543674904762 -0.318626 0.524701 0.678271 -0.403875 -1.259597 0.838313 -3.641242 
588543708519054 -0.314692 0.524265 0.679274 -0.405835 -1.234425 0.838595 -3.639901 
588543742021007 -0.316017 0.522725 0.677830 -0.409192 -1.211376 0.839532 -3.637926 
588543775522716 -0.318521 0.521046 0.676088 -0.412263 -1.187640 0.840476 -3.635633 
588543842441450 -0.319597 0.518869 0.673444 -0.418456 -1.137465 0.842210 -3.630234 
588543875943159 -0.323126 0.517932 0.668992 -0.424011 -1.112777 0.843038 -3.627278 
588543914447671 -0.326046 0.514375 0.666020 -0.430731 -1.085663 0.844591 -3.622013 
588543981450678 -0.328025 0.501412 0.666110 -0.444166 -1.036794 0.846873 -3.612958 
588544014952387 -0.328193 0.490387 0.668915 -0.452065 -1.012591 0.849146 -3.607841 
588544082041377 -0.308992 0.484022 0.680374 -0.455344 -0.955830 0.855324 -3.600959 
588544115529901 -0.298702 0.488157 0.685627 -0.449884 -0.924174 0.858486 -3.599334 
588544149031854 -0.304010 0.483535 0.684591 -0.452888 -0.902139 0.863434 -3.595172 
588544216035272 -0.299474 0.471282 0.688573 -0.462683 -0.859494 0.870613 -3.590121 
588544249504492 -0.289250 0.470863 0.691531 -0.465195 -0.837592 0.871875 -3.590259 
588544316385787 -0.286448 0.469661 0.691363 -0.468383 -0.805634 0.875282 -3.587411 
588544349889937 -0.287467 0.469952 0.691141 -0.467793 -0.788842 0.875559 -3.585834 
588544416793796 -0.285771 0.468762 0.690569 -0.470862 -0.757452 0.873778 -3.584078 
588544450295750 -0.281677 0.468857 0.690969 -0.472644 -0.740025 0.871676 -3.584149 
588544517241623 -0.276670 0.470027 0.691194 -0.474110 -0.704039 0.865215 -3.588809 
588544550743576 -0.275266 0.470898 0.691427 -0.473722 -0.685961 0.862246 -3.591108 
588544584299771 -0.276160 0.473687 0.688969 -0.474001 -0.670152 0.858985 -3.594122 
588544651303433 -0.274302 0.480416 0.682499 -0.477655 -0.630445 0.853269 -3.602114 
588544684838969 -0.271418 0.484995 0.679173 -0.479412 -0.611991 0.849977 -3.608078 
588544751842631 -0.266283 0.495601 0.674167 -0.478509 -0.566834 0.846900 -3.619360 
588544818914539 -0.265656 0.514052 0.667064 -0.469258 -0.514120 0.848428 -3.626770 
588544852416492 -0.263266 0.520085 0.666320 -0.464994 -0.491017 0.850135 -3.629879 
588544919454747 -0.264873 0.519750 0.665753 -0.465268 -0.452301 0.855184 -3.635401 
588544952956700 -0.269312 0.523997 0.661197 -0.464452 -0.434551 0.857520 -3.637751 
588545020132201 -0.269001 0.527198 0.660086 -0.462587 -0.403184 0.860165 -3.642719 
588545087097311 -0.261218 0.521531 0.666256 -0.464623 -0.367699 0.860768 -3.647595 
588545087097311 -0.261218 0.521531 0.666256 -0.464623 -0.367699 0.860768 -3.647595 TAG001 
588545154100973 -0.264226 0.511475 0.667625 -0.472075 -0.340013 0.861028 -3.651199 
588545221173582 -0.254892 0.505421 0.673700 -0.475087 -0.306145 0.857841 -3.657001 
588545254675535 -0.250869 0.501719 0.675007 -0.479279 -0.292352 0.855289 -3.659559 
588545321637818 -0.245614 0.488178 0.678000 -0.491602 -0.263278 0.847955 -3.664783 
588545388641480 -0.237954 0.465054 0.684876 -0.507983 -0.236180 0.834951 -3.669528 
588545422148545 -0.234106 0.452003 0.688026 -0.517211 -0.220393 0.825096 -3.672219 
588545489152207 -0.234274 0.432406 0.683914 -0.538890 -0.194435 0.800402 -3.676260 
588545522662964 -0.230869 0.426593 0.681078 -0.548499 -0.168303 0.783976 -3.679752 
588545589666627 -0.222933 0.419314 0.675835 -0.563670 -0.135313 0.748283 -3.681906 
588545623131582 -0.214531 0.415838 0.675855 -0.569452 -0.119834 0.729993 -3.682576 
588545690135244 -0.194288 0.404182 0.679916 -0.580174 -0.088492 0.696741 -3.682640 
588545723612623 -0.183122 0.409317 0.682229 -0.577485 -0.073887 0.682154 -3.681967 
588545790616285 -0.168788 0.421850 0.687744 -0.566181 -0.043081 0.660807 -3.680378 
588545824048538 -0.152277 0.419400 0.697819 -0.560324 -0.030063 0.652938 -3.681122 
588545891070469 -0.129418 0.404120 0.715206 -0.555355 -0.006132 0.644248 -3.686850 
588545991524910 -0.110679 0.397931 0.722010 -0.555071 0.027629 0.627954 -3.698323 
588546058597106 -0.102475 0.399005 0.722532 -0.555195 0.050865 0.606646 -3.705030 
588546092078907 -0.095624 0.397290 0.724701 -0.554820 0.063036 0.593211 -3.708654 
588546159082569 -0.089286 0.393142 0.724679 -0.558844 0.089343 0.563727 -3.716394 
588546226124982 -0.084183 0.385978 0.722471 -0.567423 0.119324 0.530770 -3.727713 
588546259626691 -0.079290 0.378469 0.721934 -0.573834 0.135100 0.514308 -3.735332 
588546293128400 -0.076686 0.370396 0.720611 -0.581074 0.151373 0.497966 -3.743569 
588546360087939 -0.077814 0.351716 0.717167 -0.596584 0.185767 0.465832 -3.759801 
588546393589648 -0.079042 0.344218 0.716087 -0.602068 0.204853 0.451078 -3.768245 
588546427069926 -0.085248 0.344676 0.712150 -0.605618 0.226140 0.439432 -3.776509 
588546494073344 -0.114061 0.345012 0.699780 -0.615032 0.265613 0.427069 -3.783411 
588546527657440 -0.130447 0.347456 0.695625 -0.615112 0.287443 0.425115 -3.783557 
588546561159149 -0.144370 0.363458 0.693581 -0.604980 0.312107 0.424879 -3.783732 
588546594660858 -0.157836 0.379288 0.691971 -0.593637 0.338208 0.426677 -3.781618 
588546628256025 -0.174013 0.388852 0.686794 -0.588920 0.366907 0.428448 -3.777467 
588546695259443 -0.198047 0.407700 0.676334 -0.580629 0.423382 0.430202 -3.767348 
588546728893531 -0.205264 0.414479 0.676478 -0.573107 0.454143 0.427861 -3.761621 
588546762395484 -0.211325 0.423311 0.677848 -0.562736 0.485312 0.423809 -3.756220 
588546829396091 -0.221277 0.445433 0.676200 -0.543488 0.547593 0.413691 -3.744933 
588546862871148 -0.233185 0.451454 0.670589 -0.540485 0.576801 0.409771 -3.737679 
588546929909667 -0.246639 0.461622 0.664052 -0.533956 0.636138 0.403798 -3.724032 
588546963411376 -0.254102 0.468230 0.659602 -0.530205 0.665600 0.402844 -3.716792 
588546996996842 -0.260157 0.472355 0.656306 -0.527695 0.697333 0.403163 -3.710130 
588547064000504 -0.267655 0.480457 0.654037 -0.519382 0.758286 0.413407 -3.697250 
588547097502213 -0.277169 0.481505 0.648876 -0.519894 0.785401 0.421577 -3.690700 
588547164396169 -0.298488 0.481488 0.636800 -0.523029 0.835998 0.437712 -3.676418 
588547197975170 -0.301819 0.483138 0.635869 -0.520724 0.860949 0.444479 -3.670577 
588547264887157 -0.305892 0.487676 0.641223 -0.507381 0.912635 0.452908 -3.656743 
588547298480541 -0.315233 0.493609 0.637867 -0.500105 0.937060 0.455456 -3.648287 
588547331900930 -0.323753 0.499708 0.633922 -0.493577 0.959738 0.457551 -3.638934 
588547365402639 -0.329392 0.507253 0.630393 -0.486621 0.983658 0.457655 -3.628611 
588547432249015 -0.343909 0.525833 0.617083 -0.473746 1.029978 0.456790 -3.606216 
588547465750724 -0.353172 0.537086 0.608726 -0.465038 1.053737 0.454921 -3.594826 
588547532948213 -0.373891 0.560964 0.589975 -0.444358 1.101424 0.452429 -3.569869 
588547566449922 -0.382135 0.575685 0.580213 -0.431175 1.125064 0.452595 -3.557095 
588547599951631 -0.389171 0.587174 0.574729 -0.416484 1.147854 0.453616 -3.543215 
588547633490245 -0.397823 0.596359 0.570278 -0.401092 1.169226 0.455364 -3.527597 
588547661989151 -0.407926 0.605057 0.563020 -0.387957 1.185196 0.457713 -3.513409 
588547695641598 -0.423494 0.613699 0.552010 -0.373246 1.201630 0.460388 -3.495285 
588547762532142 -0.452949 0.627518 0.535374 -0.338280 1.231253 0.460513 -3.455616 
588547796033851 -0.461630 0.635195 0.531106 -0.318356 1.245962 0.457608 -3.435265 
588547829505532 -0.464457 0.640207 0.532320 -0.301744 1.259526 0.454373 -3.414433 
588547896508950 -0.471511 0.649070 0.526849 -0.280741 1.284347 0.448759 -3.374737 
588547963506309 -0.483948 0.658907 0.513417 -0.260841 1.309092 0.443217 -3.333175 
588548030619194 -0.491293 0.659431 0.511879 -0.248518 1.335353 0.436609 -3.290749 
588548097622612 -0.495926 0.655210 0.511520 -0.251207 1.362672 0.432278 -3.248240 
588548131038727 -0.497201 0.651961 0.510981 -0.258141 1.376633 0.430711 -3.228210 
588548164540436 -0.497936 0.647301 0.511568 -0.267134 1.391936 0.430358 -3.208036 
588548231475724 -0.497433 0.635140 0.516653 -0.286754 1.422280 0.433072 -3.168235 
588548264977433 -0.494737 0.630534 0.520925 -0.293767 1.439555 0.436703 -3.147433 
588548298479142 -0.487964 0.628332 0.529407 -0.294648 1.458600 0.441805 -3.125576 
588548332018735 -0.483887 0.626816 0.534850 -0.294772 1.476486 0.448288 -3.105340 
588548399022153 -0.486223 0.618318 0.535519 -0.307390 1.508205 0.463796 -3.065099 
588548432466082 -0.483183 0.611715 0.538479 -0.319967 1.524387 0.470267 -3.047294 
588548465967791 -0.477950 0.607571 0.542261 -0.329204 1.541382 0.474879 -3.030828 
588548499272199 -0.472120 0.607062 0.545990 -0.332376 1.560941 0.477788 -3.015071 
588548532774152 -0.468544 0.605651 0.550127 -0.333187 1.579452 0.480085 -3.000458 
588548599777570 -0.466457 0.593257 0.562928 -0.337011 1.617002 0.483868 -2.973605 
588548633226629 -0.466008 0.589154 0.566640 -0.338604 1.638165 0.485754 -2.959327 
588548700230046 -0.463273 0.583005 0.571970 -0.343997 1.679885 0.488358 -2.938243 
588548733732000 -0.462612 0.578586 0.575715 -0.346093 1.701704 0.488984 -2.928879 
588548767280999 -0.463499 0.572358 0.580117 -0.347908 1.724106 0.489579 -2.918906 
588548834307995 -0.460272 0.561560 0.587694 -0.356953 1.771146 0.488299 -2.904420 
588548901311413 -0.451850 0.557283 0.588250 -0.373135 1.816187 0.486581 -2.900205 
588548934750389 -0.440234 0.556977 0.590496 -0.383777 1.840320 0.486913 -2.899353 
588549001581304 -0.418364 0.563839 0.592320 -0.395239 1.885173 0.488242 -2.903769 
588549068787033 -0.393445 0.571888 0.593510 -0.407297 1.926457 0.490302 -2.912724 
588549102288742 -0.386679 0.564540 0.599292 -0.415478 1.943848 0.491988 -2.916960 
588549135757783 -0.379014 0.549814 0.609192 -0.427712 1.960993 0.493673 -2.919248 
588549202761201 -0.346864 0.523576 0.630296 -0.456377 1.989617 0.496274 -2.931694 
588549236032698 -0.329443 0.510227 0.639936 -0.470762 2.002407 0.497283 -2.940424 
588549269534407 -0.315924 0.497673 0.645850 -0.485171 2.014027 0.499261 -2.949553 
588549336420200 -0.281374 0.465284 0.659861 -0.518577 2.032848 0.502923 -2.970241 
588549369921909 -0.260416 0.444612 0.667951 -0.536977 2.039670 0.504201 -2.981480 
588549403423862 -0.238745 0.422914 0.675695 -0.554599 2.045500 0.505013 -2.992758 
588549436834484 -0.218913 0.402209 0.681170 -0.571237 2.050105 0.504675 -3.003811 
588549503838146 -0.181746 0.370452 0.686210 -0.599040 2.060299 0.503099 -3.022792 
588549537373196 -0.171959 0.364514 0.680293 -0.612177 2.063514 0.501537 -3.031173 
588549570874905 -0.165972 0.360101 0.673545 -0.623793 2.069522 0.501241 -3.036283 
588549604376858 -0.158209 0.352352 0.667592 -0.636505 2.075907 0.501210 -3.039936 
588549637878567 -0.146835 0.341635 0.663311 -0.649418 2.082775 0.501035 -3.042586 
588549671220610 -0.136727 0.330051 0.660003 -0.660884 2.089749 0.500364 -3.044831 
588549771758485 -0.117637 0.312116 0.651523 -0.681369 2.119545 0.498205 -3.045278 
588549805260438 -0.113409 0.305500 0.653471 -0.683215 2.133354 0.497365 -3.043710 
588549838789732 -0.098349 0.296808 0.660908 -0.682227 2.150755 0.496566 -3.043154 
588549872298969 -0.071682 0.280672 0.674867 -0.678704 2.171297 0.495702 -3.043285 
588549905852629 -0.050625 0.270424 0.686778 -0.672788 2.194371 0.494681 -3.044676 
588549972821786 -0.025790 0.258750 0.700165 -0.664945 2.239019 0.493298 -3.048949 
588550006594607 -0.010045 0.248198 0.706532 -0.662653 2.259761 0.491648 -3.052336 
588550073598025 0.018802 0.239330 0.713448 -0.658301 2.298040 0.489892 -3.062642 
588550107359404 0.024994 0.238160 0.713275 -0.658706 2.314166 0.489198 -3.068314 
588550174362822 0.038343 0.236065 0.712987 -0.659130 2.343805 0.487035 -3.081445 
588550207864775 0.041473 0.237747 0.710794 -0.660703 2.356203 0.485639 -3.087859 
588550246415286 0.045300 0.236831 0.710375 -0.661231 2.369432 0.484217 -3.094542 
588550308390871 0.055833 0.228782 0.713962 -0.659393 2.391057 0.481338 -3.104660 
588550375394289 0.068314 0.217360 0.719420 -0.656142 2.409762 0.477730 -3.115790 
588550408896242 0.071311 0.217249 0.718777 -0.656565 2.417624 0.475316 -3.122241 
588550447356956 0.075303 0.219304 0.717054 -0.657319 2.427279 0.472056 -3.131624 
588550509357815 0.083498 0.216302 0.715286 -0.659248 2.441036 0.466704 -3.146135 
588550542834665 0.090837 0.209112 0.715471 -0.660395 2.448949 0.464326 -3.153615 
588550576336374 0.094623 0.203369 0.713992 -0.663252 2.456179 0.461938 -3.161825 
588550576336374 0.094623 0.203369 0.713992 -0.663252 2.456179 0.461938 -3.161825 TAG001 
588550643298837 0.104164 0.191061 0.710210 -0.669513 2.470902 0.457846 -3.180264 
588550676800546 0.116354 0.185700 0.706964 -0.672443 2.477236 0.456220 -3.191041 
588550743823860 0.129029 0.184423 0.699774 -0.677979 2.489981 0.455321 -3.214937 
588550810827523 0.137176 0.174729 0.693976 -0.684873 2.502407 0.459241 -3.237196 
588550877814578 0.138622 0.161038 0.688088 -0.693820 2.512734 0.464223 -3.255067 
588550944877601 0.143884 0.144581 0.691542 -0.692939 2.522910 0.469051 -3.268963 
588551016884066 0.164878 0.123047 0.696935 -0.686990 2.534438 0.472570 -3.282696 
588551084108439 0.183975 0.099696 0.697184 -0.685674 2.540387 0.476850 -3.293244 
588551151112290 0.198618 0.080664 0.696307 -0.684982 2.544239 0.482300 -3.301717 
588551218115952 0.211613 0.059052 0.695139 -0.684481 2.546431 0.486787 -3.308527 
588551251739930 0.220915 0.050099 0.692868 -0.684559 2.548452 0.488222 -3.312297 
588551318743592 0.238197 0.032508 0.690388 -0.682326 2.551298 0.489566 -3.315530 
588551352307684 0.247551 0.025200 0.688535 -0.681178 2.553644 0.489752 -3.317272 
588551385809393 0.259515 0.019906 0.685344 -0.680117 2.554608 0.488585 -3.317976 
588551419311346 0.273631 0.013546 0.681154 -0.678948 2.554827 0.486727 -3.318283 
588551452710659 0.282179 0.005765 0.677613 -0.679105 2.555620 0.485362 -3.318694 
588551519714321 0.298223 -0.003406 0.668310 -0.681478 2.554522 0.480724 -3.317423 
588551553276029 0.309053 -0.007018 0.662497 -0.682301 2.554130 0.477895 -3.318382 
588551620261746 0.327385 -0.012430 0.648476 -0.687127 2.550401 0.470773 -3.315236 
588551653841758 0.337276 -0.015841 0.640320 -0.689916 2.547571 0.466433 -3.312740 
588551687343467 0.345323 -0.019681 0.632279 -0.693245 2.544437 0.462839 -3.308958 
588551720867669 0.353324 -0.024279 0.623822 -0.696720 2.540998 0.459466 -3.304302 
588551787871087 0.366090 -0.033667 0.606439 -0.705036 2.532767 0.454269 -3.292017 
588551821373041 0.372707 -0.038684 0.597956 -0.708549 2.527846 0.452430 -3.284666 
588551854404164 0.381683 -0.045349 0.590286 -0.709806 2.521993 0.450331 -3.277684 
588551888255482 0.392809 -0.052662 0.581562 -0.710432 2.515551 0.449398 -3.269377 
588551921636947 0.401365 -0.060090 0.573029 -0.711992 2.507997 0.448575 -3.260118 
588551988640365 0.417577 -0.081917 0.555675 -0.714244 2.489874 0.449136 -3.236456 
588552022219344 0.424888 -0.096175 0.545830 -0.715744 2.478966 0.449152 -3.222221 
588552089076472 0.446397 -0.126496 0.519902 -0.717238 2.453838 0.447011 -3.191564 
588552122618413 0.461429 -0.143997 0.505478 -0.714730 2.440603 0.445648 -3.174751 
588552189621831 0.501444 -0.180600 0.473000 -0.701575 2.411404 0.442029 -3.138476 
588552251529799 0.526531 -0.206323 0.443877 -0.695103 2.383000 0.437840 -3.099499 
588552290034311 0.545545 -0.221712 0.423041 -0.688666 2.364959 0.434194 -3.073804 
588552352063697 0.570538 -0.241209 0.392445 -0.679920 2.335400 0.427088 -3.031949 
588552385565406 0.584684 -0.249458 0.377343 -0.673444 2.318624 0.422394 -3.011075 
588552419058069 0.600209 -0.252871 0.361120 -0.667381 2.301464 0.416916 -2.991977 
588552452559778 0.610306 -0.254927 0.346460 -0.665210 2.285666 0.411464 -2.974146 
588552519563440 0.627267 -0.256696 0.318957 -0.662503 2.257015 0.400405 -2.944479 
588552553072826 0.632939 -0.256494 0.311979 -0.660506 2.244678 0.396099 -2.933505 
588552586574535 0.635269 -0.255881 0.309506 -0.659670 2.232727 0.392252 -2.924967 
588552620076488 0.636016 -0.254365 0.307826 -0.660322 2.220290 0.388560 -2.918627 
588552653832327 0.635083 -0.248732 0.304859 -0.664728 2.206573 0.384674 -2.914558 
588552687334036 0.637229 -0.239781 0.298558 -0.668810 2.191700 0.380267 -2.912276 
588552720769458 0.640578 -0.232964 0.294210 -0.669946 2.177077 0.376544 -2.911420 
588552754271167 0.641057 -0.226002 0.293985 -0.671969 2.161797 0.373680 -2.912572 
588552821274829 0.636098 -0.221440 0.299000 -0.675976 2.130327 0.370278 -2.917776 
588552854794775 0.633948 -0.223424 0.300972 -0.676466 2.113809 0.369319 -2.920627 
588552888296729 0.629391 -0.228141 0.306759 -0.676548 2.097124 0.369664 -2.924268 
588552921798438 0.625812 -0.234151 0.312163 -0.675342 2.080157 0.370435 -2.928047 
588552955285328 0.623658 -0.238877 0.315467 -0.674143 2.062138 0.370190 -2.931026 
588552988787281 0.622856 -0.244295 0.318912 -0.671315 2.045076 0.371165 -2.935577 
588553022288990 0.621932 -0.247287 0.323828 -0.668719 2.027884 0.372680 -2.940592 
588553055824239 0.620692 -0.244562 0.329762 -0.667973 2.009477 0.373755 -2.946344 
588553122822529 0.621584 -0.222527 0.336137 -0.671660 1.973350 0.376696 -2.958319 
588553156156302 0.614401 -0.212893 0.344466 -0.677149 1.955307 0.378912 -2.963539 
588553223159964 0.616396 -0.197012 0.358704 -0.672736 1.922607 0.384721 -2.975958 
588553256660559 0.614290 -0.184064 0.368015 -0.673299 1.906446 0.387108 -2.981767 
588553290162512 0.612496 -0.170551 0.376925 -0.673564 1.889050 0.387666 -2.986247 
588553323664221 0.611300 -0.157433 0.382151 -0.674898 1.870801 0.386781 -2.989766 
588553390665172 0.613566 -0.131432 0.387074 -0.675601 1.831742 0.382888 -2.996329 
588553424157458 0.611359 -0.120593 0.390006 -0.677932 1.812172 0.380682 -2.999870 
588553491161120 0.611308 -0.107794 0.394938 -0.677279 1.768532 0.373189 -3.004502 
588553524664945 0.613271 -0.105333 0.396056 -0.675235 1.744421 0.368740 -3.006786 
588553591580698 0.602777 -0.104265 0.398696 -0.683250 1.692793 0.361249 -3.007967 
588553625087371 0.599421 -0.109870 0.402704 -0.682973 1.665404 0.357741 -3.008956 
588553658460971 0.599136 -0.119282 0.407792 -0.678612 1.637680 0.355493 -3.007249 
588553725464633 0.620729 -0.134516 0.406172 -0.656982 1.575599 0.350174 -3.000977 
588553759005010 0.633019 -0.130163 0.402537 -0.648312 1.545174 0.348641 -2.995438 
588553792506963 0.633815 -0.130290 0.399376 -0.649462 1.515597 0.349299 -2.987245 
588553826041376 0.631330 -0.139837 0.397985 -0.650751 1.487640 0.352123 -2.976876 
588553859543085 0.630785 -0.154446 0.394020 -0.650388 1.460349 0.356128 -2.964033 
588553926546748 0.626516 -0.183855 0.376579 -0.657163 1.408008 0.364898 -2.933099 
588553960178751 0.623123 -0.200600 0.366122 -0.661387 1.383054 0.369296 -2.915417 
588553993680705 0.624389 -0.220074 0.350820 -0.662292 1.359355 0.372935 -2.895365 
588554027182414 0.626944 -0.245548 0.333116 -0.660062 1.337163 0.375981 -2.872153 
588554060610639 0.629760 -0.275038 0.312262 -0.655933 1.314223 0.378317 -2.846530 
588554094112592 0.635241 -0.304912 0.288183 -0.648420 1.295040 0.379690 -2.817932 
588554127596846 0.642820 -0.332879 0.262816 -0.637888 1.275957 0.380392 -2.787888 
588554194600508 0.662080 -0.389576 0.204512 -0.606676 1.246378 0.380045 -2.723616 
588554228102217 0.675759 -0.415106 0.170883 -0.584667 1.228714 0.379456 -2.691628 
588554295127208 0.696634 -0.460820 0.109328 -0.538881 1.209094 0.376543 -2.627180 
588554328628917 0.706252 -0.479914 0.073903 -0.515198 1.200485 0.374047 -2.595103 
588554362068737 0.713869 -0.495806 0.040851 -0.492847 1.191214 0.371134 -2.563758 
588554395570690 0.718849 -0.507521 0.011651 -0.474914 1.182941 0.368502 -2.532205 
588554429093177 0.721546 -0.515046 -0.014640 -0.462477 1.173172 0.366494 -2.500410 
588554496096839 0.718925 -0.529932 -0.044942 -0.447547 1.158936 0.363043 -2.439841 
588554529583030 0.717363 -0.539240 -0.052697 -0.437988 1.153570 0.362454 -2.411180 
588554563084739 0.719119 -0.549354 -0.065070 -0.420528 1.147927 0.361956 -2.383290 
588554630088401 0.727102 -0.559371 -0.113100 -0.381621 1.135934 0.359872 -2.323450 
588554663589753 0.726790 -0.566538 -0.133486 -0.364682 1.130927 0.359316 -2.292473 
588554730593415 0.719821 -0.580616 -0.176378 -0.337096 1.128200 0.356021 -2.225847 
588554764200780 0.712099 -0.586389 -0.195344 -0.333021 1.132230 0.353400 -2.191571 
588554797702733 0.705571 -0.593038 -0.210840 -0.325610 1.135252 0.350817 -2.158028 
588554831204442 0.700740 -0.600862 -0.226861 -0.310584 1.139506 0.348134 -2.125295 
588554864794817 0.695640 -0.607786 -0.241613 -0.297159 1.144505 0.345227 -2.091545 
588554898296770 0.688726 -0.614253 -0.254227 -0.289343 1.148973 0.340805 -2.057719 
588554931798479 0.682421 -0.619383 -0.265502 -0.283151 1.153528 0.336026 -2.023756 
588554965385728 0.678293 -0.624239 -0.272340 -0.275818 1.155786 0.331689 -1.988995 
588555032389391 0.673077 -0.631746 -0.285238 -0.257884 1.165925 0.322386 -1.917806 
588555065951004 -0.668597 0.635110 0.288842 0.257260 1.170548 0.318048 -1.879826 
588555132954666 -0.658520 0.636477 0.296333 0.270989 1.178820 0.314921 -1.799984 
588555166164893 -0.653362 0.635562 0.299920 0.281473 1.187485 0.317578 -1.762106 
588555199692155 -0.651326 0.636979 0.297991 0.285017 1.191062 0.321558 -1.725206 
588555266752027 0.652607 -0.640283 -0.283950 -0.288988 1.195102 0.333290 -1.658974 
588555300253980 0.655929 -0.640846 -0.276118 -0.287806 1.194112 0.339371 -1.627365 
588555333975761 0.659215 -0.640643 -0.273220 -0.283484 1.191943 0.339167 -1.598315 
588555400979423 0.664433 -0.640254 -0.277250 -0.267836 1.190292 0.342252 -1.535022 
588555434481132 0.663821 -0.642985 -0.276332 -0.263729 1.189829 0.341318 -1.502193 
588555467838887 -0.662909 0.645453 0.275637 0.260702 1.188970 0.338186 -1.468039 
588555501340840 -0.663884 0.646197 0.274098 0.257990 1.188245 0.335954 -1.434079 
588555534832421 -0.666799 0.646760 0.269920 0.253425 1.186526 0.334040 -1.401981 
588555601836083 0.673626 -0.653777 -0.245286 -0.242152 1.183307 0.332995 -1.333811 
588555635337792 0.677621 -0.657379 -0.233273 -0.232952 1.181912 0.334226 -1.299042 
588555702422523 0.682653 -0.656500 -0.234237 -0.219377 1.180322 0.339394 -1.224852 
588555735924232 0.677654 -0.657996 -0.236408 -0.227897 1.179955 0.345598 -1.186932 
588555769489189 0.678599 -0.662478 -0.227525 -0.221041 1.179550 0.355750 -1.153668 
588555836492851 -0.692904 0.662892 0.213159 0.187137 1.177289 0.376812 -1.088981 
588555869958240 -0.695822 0.665969 0.202324 0.177151 1.177829 0.385910 -1.053303 
588555936961902 0.693550 -0.676736 -0.169755 -0.179443 1.180655 0.400956 -0.992340 
588555970213808 0.692131 -0.681377 -0.149350 -0.185402 1.181082 0.405360 -0.963466 
588556037435529 0.691438 -0.685525 -0.110137 -0.199597 1.179210 0.412036 -0.903544 
588556070744069 0.691076 -0.685814 -0.095760 -0.207131 1.177152 0.411460 -0.872022 
588556104246023 0.692232 -0.684689 -0.084736 -0.211746 1.174507 0.411285 -0.840384 
588556137571585 0.694061 -0.683363 -0.074284 -0.213955 1.172150 0.409802 -0.808305 
588556171094168 0.695871 -0.681639 -0.063100 -0.217139 1.169618 0.409046 -0.775701 
588556238076956 0.698541 -0.678035 -0.041107 -0.224988 1.165237 0.410274 -0.709713 
588556271584159 0.699238 -0.675145 -0.038855 -0.231810 1.163323 0.412940 -0.674458 
588556338587577 0.699087 -0.667231 -0.044300 -0.253214 1.159521 0.422673 -0.603427 
588556372259317 0.698518 -0.663979 -0.032929 -0.264803 1.157658 0.429302 -0.572700 
588556405761026 0.698398 -0.659453 -0.010318 -0.277950 1.153202 0.435541 -0.545681 
588556439262735 0.699401 -0.652941 0.011793 -0.290460 1.146869 0.440051 -0.520734 
588556472601765 0.701212 -0.645994 0.023533 -0.300734 1.139711 0.442488 -0.496681 
588556506103474 0.703794 -0.639679 0.025777 -0.307930 1.131373 0.441434 -0.471510 
588556539471265 0.706081 -0.635037 0.024574 -0.312368 1.122789 0.440090 -0.445593 
588556606474927 0.707137 -0.627824 0.024023 -0.324373 1.105453 0.430309 -0.392620 
588556639976636 0.708182 -0.623304 0.026125 -0.330586 1.096687 0.424985 -0.366555 
588556673362656 0.708473 -0.619362 0.031804 -0.336815 1.088923 0.422256 -0.336055 
588556706864365 0.709195 -0.616287 0.039039 -0.340159 1.080396 0.417004 -0.310200 
588556740359887 0.711182 -0.613711 0.042547 -0.340247 1.071591 0.409978 -0.281808 
588556807363549 0.719500 -0.610530 0.035108 -0.329151 1.052022 0.398357 -0.224786 
588556840865258 0.723436 -0.606577 0.030833 -0.328259 1.041470 0.393520 -0.195270 
588556874562701 0.729499 -0.598280 0.027242 -0.330379 1.030004 0.391713 -0.161721 
588556941566119 0.736154 -0.582310 0.002417 -0.344944 1.006309 0.387072 -0.101208 
588556975067150 0.736850 -0.578958 0.003110 -0.349069 0.997076 0.389717 -0.071697 
588557042070568 0.732697 -0.575760 0.024326 -0.362026 0.975992 0.396702 -0.026547 
588557075534436 0.725019 -0.575762 0.032883 -0.376516 0.966025 0.399616 -0.002654 
588557109013725 0.716451 -0.574042 0.042894 -0.394123 0.955585 0.401835 0.015657 
588557175930164 0.711242 -0.559396 0.071789 -0.419592 0.931620 0.403338 0.046596 
588557242933582 0.713519 -0.533589 0.092192 -0.444606 0.903930 0.398794 0.073203 
588557276435535 0.710781 -0.518749 0.104667 -0.463395 0.889606 0.394926 0.086097 
588557309859523 0.705976 -0.503825 0.119903 -0.483096 0.875205 0.390388 0.100685 
588557343361232 0.699360 -0.489587 0.138527 -0.502006 0.860326 0.386235 0.112349 
588557410060620 0.687251 -0.465000 0.172722 -0.530687 0.829359 0.376625 0.128705 
588557443944084 0.681382 -0.453754 0.187840 -0.542717 0.813132 0.373315 0.140323 
588557477382921 0.675672 -0.442882 0.206338 -0.552039 0.797415 0.369739 0.147486 
588557544386339 0.654626 -0.419220 0.250590 -0.576995 0.766464 0.368487 0.169737 
588557577878789 0.645561 -0.402551 0.268348 -0.590926 0.750198 0.368367 0.186573 
588557611380498 0.638347 -0.382883 0.279638 -0.606396 0.735987 0.369834 0.198351 
588557644882207 0.627026 -0.364470 0.290376 -0.624244 0.723953 0.373199 0.210332 
588557678354287 0.619224 -0.350203 0.300474 -0.635323 0.714756 0.378366 0.217889 
588557711855996 0.614449 -0.337580 0.316207 -0.639144 0.707006 0.384753 0.225922 
588557745400968 0.605342 -0.323399 0.335762 -0.645165 0.700037 0.390819 0.234060 
588557817407433 0.584189 -0.288840 0.368366 -0.663024 0.687351 0.400735 0.244867 
588557845906339 0.576692 -0.276345 0.379036 -0.668873 0.683670 0.403634 0.248009 
588557879407859 0.568697 -0.261666 0.388911 -0.675916 0.680113 0.406363 0.250700 
588557912909568 0.558456 -0.248335 0.399775 -0.683108 0.677595 0.408593 0.252847 
588557946411277 0.545678 -0.234958 0.411927 -0.690903 0.675762 0.410366 0.253956 
588558013414413 0.523169 -0.210692 0.432232 -0.703618 0.672643 0.413050 0.254598 
588558046916122 0.514915 -0.200291 0.439909 -0.707973 0.671490 0.414462 0.254052 
588558113938312 0.494861 -0.183660 0.457422 -0.715644 0.669954 0.419358 0.254400 
588558147440021 0.484128 -0.177927 0.466540 -0.718541 0.669740 0.422377 0.253424 
588558181627409 0.472381 -0.171324 0.475467 -0.722105 0.671630 0.423776 0.249729 
588558247900429 0.452628 -0.159092 0.489960 -0.727843 0.670387 0.428976 0.246914 
588558314872007 0.439808 -0.154704 0.502759 -0.727921 0.666260 0.432461 0.245233 
