# Created at Tue May 27 14:18:35 GMT+09:00 2025 in Burnaby Canada 
471820877576142 -0.164762 0.007492 -0.003911 0.986297 -0.008200 0.035097 0.077292 
471820911077851 -0.164198 0.006595 -0.003838 0.986398 -0.008601 0.035251 0.077639 
471820944579560 -0.162867 0.008551 -0.004382 0.986601 -0.008928 0.035558 0.078310 
471820978082782 -0.163309 0.009731 -0.004363 0.986517 -0.009223 0.036439 0.077513 
471821011584491 -0.163587 0.008249 -0.003693 0.986488 -0.009454 0.036570 0.077480 
471821045086200 -0.163430 0.006930 -0.003018 0.986526 -0.009653 0.036715 0.077483 
471821078593266 -0.164115 0.007109 -0.002968 0.986411 -0.009715 0.036888 0.077203 
471821112094974 -0.164227 0.006817 -0.003080 0.986394 -0.009778 0.036941 0.077093 
471821145596683 -0.164180 0.006139 -0.002925 0.986407 -0.009875 0.036985 0.077023 
471821179100942 -0.164977 0.005556 -0.002714 0.986278 -0.009934 0.037092 0.076333 
471821212602651 -0.165746 0.005235 -0.003143 0.986150 -0.009846 0.037021 0.076038 
471821246104360 -0.166068 0.005566 -0.003592 0.986092 -0.009738 0.037030 0.075947 
471821279606313 -0.165952 0.005759 -0.003822 0.986110 -0.009689 0.037083 0.076057 
471821313116047 -0.166026 0.005670 -0.003963 0.986097 -0.009739 0.037289 0.075884 
471821346617756 -0.166422 0.006252 -0.004397 0.986025 -0.009672 0.037381 0.076072 
471821380119709 -0.166239 0.006030 -0.004404 0.986057 -0.009662 0.037520 0.076340 
471821413634815 -0.166463 0.006494 -0.004485 0.986016 -0.009730 0.037659 0.076135 
471821447136524 -0.166757 0.007569 -0.004883 0.985957 -0.009681 0.037690 0.076301 
471821480703134 -0.166953 0.007779 -0.004690 0.985923 -0.009971 0.037852 0.075626 
471821514204843 -0.167356 0.007982 -0.004557 0.985854 -0.010112 0.037832 0.075618 
471821547706552 -0.167955 0.008062 -0.004463 0.985752 -0.010321 0.037885 0.075618 
471821581184367 -0.168335 0.008525 -0.004365 0.985683 -0.010739 0.038115 0.075369 
471821614686076 -0.168179 0.008923 -0.004208 0.985707 -0.011056 0.038279 0.075448 
471821648187785 -0.168401 0.009655 -0.004182 0.985662 -0.011451 0.038440 0.075514 
471821681689738 -0.168436 0.010375 -0.004128 0.985649 -0.011965 0.038632 0.075636 
471821715178292 -0.168481 0.011016 -0.003777 0.985636 -0.012626 0.038945 0.075383 
471821748680001 -0.168759 0.011454 -0.003347 0.985585 -0.013353 0.039038 0.075390 
471821782179349 -0.169256 0.012517 -0.003064 0.985488 -0.014350 0.039143 0.075234 
471821815681058 -0.169521 0.013422 -0.002670 0.985431 -0.015252 0.039102 0.075305 
471821849182767 -0.170483 0.013975 -0.002321 0.985259 -0.016352 0.038905 0.075315 
471821882737499 -0.171486 0.014817 -0.001848 0.985073 -0.017734 0.038653 0.074848 
471821916239208 -0.172233 0.016369 -0.001302 0.984919 -0.019148 0.038295 0.075013 
471821949740917 -0.173201 0.018248 -0.000972 0.984717 -0.020723 0.037928 0.075271 
471821983236034 -0.174033 0.020086 -0.000692 0.984535 -0.022692 0.037627 0.075391 
471822016737743 -0.174953 0.021627 -0.000611 0.984339 -0.024622 0.037355 0.075821 
471822050239452 -0.176312 0.022748 -0.000265 0.984071 -0.026677 0.037095 0.076236 
471822083734901 -0.177883 0.024329 -0.000198 0.983751 -0.028651 0.036932 0.076420 
471822117236610 -0.179113 0.026397 -0.000490 0.983474 -0.030766 0.036809 0.077091 
471822150738319 -0.180262 0.027819 -0.000595 0.983225 -0.033108 0.036702 0.077950 
471822184217788 -0.181948 0.030372 -0.001270 0.982838 -0.035582 0.036518 0.078543 
471822217719497 -0.182960 0.031530 -0.001204 0.982614 -0.038248 0.036235 0.079602 
471822251221206 -0.182606 0.030938 -0.000521 0.982699 -0.041207 0.035955 0.080822 
471822284753608 -0.182414 0.030277 0.000586 0.982755 -0.044697 0.035500 0.082017 
471822318255317 -0.183187 0.030604 0.001688 0.982600 -0.048050 0.035122 0.083114 
471822351757026 -0.184610 0.032516 0.002613 0.982270 -0.051550 0.034690 0.084100 
471822385202953 -0.184656 0.034876 0.003464 0.982178 -0.055474 0.034296 0.085249 
471822418704662 -0.183544 0.038209 0.005105 0.982255 -0.059522 0.034208 0.086607 
471822452206371 -0.182147 0.041871 0.007366 0.982352 -0.063912 0.034261 0.087967 
471822485708324 -0.181405 0.045769 0.009995 0.982292 -0.068544 0.034379 0.089193 
471822519341264 -0.180409 0.049159 0.012775 0.982279 -0.073590 0.034742 0.090085 
471822552842973 -0.179152 0.053246 0.015630 0.982255 -0.078640 0.035012 0.091239 
471822586358010 -0.178420 0.056991 0.018620 0.982126 -0.083698 0.035227 0.091853 
471822619859719 -0.177734 0.059954 0.021335 0.982019 -0.088940 0.035497 0.092718 
471822653361428 -0.176534 0.063653 0.023895 0.981943 -0.094290 0.035852 0.093636 
471822686882105 -0.174807 0.068710 0.025963 0.981859 -0.099662 0.036117 0.094243 
471822720383814 -0.172799 0.073910 0.027599 0.981792 -0.105536 0.036664 0.095104 
471822753885523 -0.170651 0.079666 0.029524 0.981662 -0.111737 0.037367 0.096019 
471822787387476 -0.168192 0.084903 0.031778 0.981577 -0.118200 0.038225 0.096945 
471822820960918 -0.165990 0.090610 0.033680 0.981378 -0.124796 0.039426 0.097466 
471822854462627 -0.163434 0.097375 0.035023 0.981112 -0.131718 0.040414 0.098362 
471822887969588 -0.160876 0.104017 0.035495 0.980836 -0.139709 0.041849 0.099641 
471822921471297 -0.158528 0.110228 0.037076 0.980481 -0.146998 0.042811 0.100596 
471822954973006 -0.157508 0.116657 0.038467 0.979848 -0.154353 0.043713 0.101283 
471822988562466 -0.157375 0.123554 0.038936 0.979005 -0.161611 0.045150 0.102094 
471823022064175 -0.156200 0.129891 0.040403 0.978314 -0.168736 0.046079 0.102770 
471823055565884 -0.154665 0.135877 0.042077 0.977674 -0.175680 0.046908 0.103353 
471823089067837 -0.154377 0.141901 0.043478 0.976802 -0.182509 0.047524 0.103600 
471823122586037 -0.154030 0.148284 0.043801 0.975894 -0.189143 0.048378 0.104340 
471823156087746 -0.153692 0.154422 0.045323 0.974925 -0.195775 0.048652 0.104618 
471823189526914 -0.153398 0.159003 0.046906 0.974159 -0.202520 0.048480 0.105194 
471823223028623 -0.153467 0.163743 0.048899 0.973265 -0.209001 0.048597 0.105409 
471823256530332 -0.153138 0.168669 0.051118 0.972361 -0.215240 0.048759 0.105595 
471823290032286 -0.152210 0.173527 0.053478 0.971525 -0.221124 0.049004 0.105750 
471823323453467 -0.151914 0.179688 0.053879 0.970429 -0.224677 0.049863 0.105997 
471823356955176 -0.152081 0.187830 0.055080 0.968792 -0.229904 0.050124 0.105985 
471823390531423 -0.152544 0.196395 0.055793 0.966978 -0.234183 0.050355 0.105594 
471823424033132 -0.152938 0.203373 0.057165 0.965392 -0.239231 0.050575 0.105652 
471823457534841 -0.152932 0.209191 0.058887 0.964045 -0.244225 0.050799 0.105880 
471823491090821 -0.152221 0.214901 0.060500 0.962801 -0.249403 0.050890 0.106122 
471823524592530 -0.151276 0.219349 0.061972 0.961853 -0.254002 0.051168 0.106503 
471823558094239 -0.150568 0.222314 0.063395 0.961190 -0.258215 0.051504 0.106695 
471823591638246 -0.149955 0.223889 0.064377 0.960855 -0.262584 0.051610 0.106466 
471823625139955 -0.149887 0.226131 0.064283 0.960347 -0.266082 0.052113 0.106405 
471823658641664 -0.149295 0.228582 0.063838 0.959889 -0.269125 0.052756 0.106421 
471823692127908 -0.147598 0.229360 0.063312 0.960000 -0.273110 0.052969 0.106199 
471823725629617 -0.146501 0.228619 0.062854 0.960375 -0.275532 0.053661 0.106122 
471823759131326 -0.145621 0.227873 0.062360 0.960718 -0.277670 0.054346 0.105944 
471823792622419 -0.144354 0.228492 0.061745 0.960802 -0.278951 0.055116 0.105772 
471823826124128 -0.143618 0.228994 0.061441 0.960812 -0.280597 0.055729 0.105439 
471823859625837 -0.143549 0.230101 0.061414 0.960560 -0.282109 0.056236 0.105000 
471823893081867 -0.143960 0.232795 0.061444 0.959847 -0.283331 0.056724 0.104760 
471823926583576 -0.143923 0.234909 0.061516 0.959333 -0.284501 0.057083 0.104566 
471823960085285 -0.143766 0.236928 0.061636 0.958852 -0.285608 0.057354 0.104566 
471823993529556 -0.143195 0.240343 0.062047 0.958061 -0.286545 0.057741 0.104932 
471824027031265 -0.142267 0.243328 0.063006 0.957383 -0.287436 0.058030 0.105348 
471824060532974 -0.141947 0.246716 0.063947 0.956500 -0.288260 0.058306 0.105803 
471824094034927 -0.141756 0.250485 0.064671 0.955500 -0.288934 0.058615 0.106260 
471824127521731 -0.141110 0.253361 0.064920 0.954820 -0.289536 0.058957 0.106712 
471824161023440 -0.140463 0.255631 0.065137 0.954296 -0.290027 0.059214 0.107092 
471824194525393 -0.140376 0.257446 0.065202 0.953816 -0.290422 0.059427 0.107279 
471824228008938 -0.141124 0.259566 0.065556 0.953107 -0.292516 0.059014 0.107355 
471824261510892 -0.141183 0.262833 0.065427 0.952211 -0.292745 0.059206 0.107503 
471824294962545 -0.141542 0.269296 0.065269 0.950361 -0.293380 0.059411 0.107816 
471824328464253 -0.141813 0.277464 0.065721 0.947936 -0.293569 0.059631 0.108209 
471824361966207 -0.142187 0.287142 0.066952 0.944907 -0.293829 0.059877 0.108709 
471824395467916 -0.142002 0.298258 0.068281 0.941390 -0.294118 0.060214 0.109370 
471824428823434 -0.140688 0.309875 0.069375 0.937748 -0.295019 0.060700 0.110177 
471824462325387 -0.139492 0.320519 0.070976 0.934223 -0.295235 0.061142 0.111066 
471824495827096 -0.137927 0.333457 0.072216 0.929821 -0.295222 0.061680 0.112210 
471824529314916 -0.135435 0.347293 0.073370 0.925020 -0.294489 0.062352 0.113207 
471824562816869 -0.132919 0.358958 0.074973 0.920794 -0.294255 0.062985 0.114563 
471824596221142 -0.130717 0.370566 0.075973 0.916418 -0.293779 0.063930 0.115930 
471824629722851 -0.127349 0.383336 0.075362 0.911678 -0.293043 0.064679 0.117276 
471824663224804 -0.125082 0.395424 0.074940 0.906851 -0.292269 0.065290 0.118269 
471824696712546 -0.124369 0.407552 0.073991 0.901642 -0.291074 0.065903 0.119104 
471824730214255 -0.124341 0.420474 0.071462 0.895898 -0.290200 0.066369 0.119503 
471824763716208 -0.126409 0.434433 0.068434 0.889160 -0.289359 0.066703 0.119580 
471824797217917 -0.128825 0.448677 0.065171 0.881956 -0.288475 0.067029 0.119600 
471824830694196 -0.129297 0.461670 0.062158 0.875374 -0.287858 0.067102 0.120391 
471824864196149 -0.130131 0.473896 0.059575 0.868873 -0.287196 0.067407 0.120391 
471824897679384 -0.131469 0.486973 0.057613 0.861542 -0.286890 0.067741 0.120373 
471824931181093 -0.130773 0.502495 0.055026 0.852859 -0.286018 0.068319 0.120835 
471824964683046 -0.129137 0.518825 0.053398 0.843382 -0.285217 0.069038 0.121451 
471824998038108 -0.128853 0.533816 0.052386 0.834082 -0.284773 0.069899 0.122050 
471825031627403 -0.128532 0.549034 0.051983 0.824220 -0.284812 0.070624 0.122627 
471825065129356 -0.125908 0.561415 0.051395 0.816283 -0.284262 0.071671 0.123622 
471825098631065 -0.123831 0.573243 0.050916 0.808372 -0.283665 0.072796 0.124602 
471825132071056 -0.121475 0.583897 0.050795 0.801079 -0.283046 0.073508 0.126139 
471825165573009 -0.119453 0.594429 0.050910 0.793595 -0.282421 0.074534 0.126981 
471825199074718 -0.116348 0.604525 0.050189 0.786444 -0.281487 0.075574 0.127878 
471825232561577 -0.113278 0.613387 0.049137 0.780070 -0.280773 0.076707 0.128724 
471825266063530 -0.112630 0.621871 0.048522 0.773458 -0.280114 0.077437 0.129111 
471825299594791 -0.112668 0.628668 0.047778 0.767984 -0.279371 0.078039 0.129527 
471825333096500 -0.111737 0.632629 0.046892 0.764916 -0.278797 0.078615 0.129425 
471825366598454 -0.111272 0.634782 0.046204 0.763241 -0.278187 0.079133 0.129019 
471825400100163 -0.111437 0.634571 0.046054 0.763401 -0.277624 0.079556 0.128543 
471825433743233 -0.112195 0.632934 0.046675 0.764610 -0.277056 0.078777 0.127645 
471825467245186 -0.112685 0.631686 0.047276 0.765533 -0.276186 0.079090 0.127131 
471825500753507 -0.111513 0.631194 0.047252 0.766111 -0.275878 0.079007 0.126062 
471825534255216 -0.110920 0.631485 0.047223 0.765959 -0.274806 0.079407 0.125631 
471825567757169 -0.109877 0.631611 0.046802 0.766031 -0.273644 0.079893 0.125238 
471825601352208 -0.108880 0.630540 0.046248 0.767089 -0.273387 0.080000 0.124546 
471825634853917 -0.108758 0.629485 0.045574 0.768012 -0.272555 0.080340 0.124082 
471825668355870 -0.108733 0.629183 0.044662 0.768317 -0.271766 0.080574 0.123564 
471825701857579 -0.108820 0.628556 0.043965 0.768858 -0.271709 0.080238 0.122858 
471825735359288 -0.109670 0.628072 0.043562 0.769156 -0.271358 0.080135 0.122340 
471825768861241 -0.110352 0.627807 0.043162 0.769297 -0.271019 0.079978 0.121888 
471825802362950 -0.110307 0.627136 0.042814 0.769870 -0.270684 0.079808 0.121550 
471825835892559 -0.110754 0.626581 0.042649 0.770267 -0.270809 0.079395 0.121161 
471825869394512 -0.111594 0.625390 0.042599 0.771115 -0.270804 0.079209 0.120845 
471825902896221 -0.112088 0.623344 0.042661 0.772696 -0.270820 0.079101 0.120545 
471825936409870 -0.112917 0.620984 0.042848 0.774463 -0.271208 0.078764 0.120130 
471825969911823 -0.113505 0.618693 0.042925 0.776204 -0.271262 0.078686 0.119838 
471826003420416 -0.114038 0.615910 0.043182 0.778323 -0.271520 0.078503 0.119550 
471826036922125 -0.114808 0.613494 0.043990 0.780070 -0.271781 0.078365 0.119297 
471826070424078 -0.115531 0.611106 0.044797 0.781789 -0.272036 0.078226 0.119050 
471826103923572 -0.116102 0.608906 0.045357 0.783388 -0.272216 0.078010 0.118825 
471826137425281 -0.116899 0.605885 0.045952 0.785574 -0.272548 0.077847 0.118473 
471826170927234 -0.119154 0.601625 0.047071 0.788437 -0.273054 0.077651 0.117950 
471826204410275 -0.120302 0.597012 0.047405 0.791743 -0.273042 0.077588 0.117666 
471826237911984 -0.121374 0.593437 0.047570 0.794253 -0.273151 0.077542 0.117231 
471826271413937 -0.122603 0.589161 0.048265 0.797200 -0.273402 0.077461 0.116842 
471826304915646 -0.123304 0.585810 0.048640 0.799535 -0.273530 0.077450 0.116610 
471826338398786 -0.124562 0.583099 0.049191 0.801286 -0.273557 0.077376 0.116521 
471826371900739 -0.126095 0.580146 0.049807 0.803150 -0.273839 0.077349 0.116315 
471826405390542 -0.127221 0.577068 0.050161 0.805165 -0.273916 0.077243 0.116155 
471826438892251 -0.128250 0.573538 0.050271 0.807514 -0.274098 0.077196 0.115929 
471826472394205 -0.129292 0.568438 0.050356 0.810942 -0.274311 0.077137 0.115634 
471826505895914 -0.130879 0.562364 0.050859 0.814881 -0.274639 0.077018 0.115317 
471826539381308 -0.132951 0.555262 0.051912 0.819337 -0.274822 0.076794 0.115083 
471826572883261 -0.134976 0.547262 0.052676 0.824324 -0.275268 0.076543 0.114697 
471826606400046 -0.136857 0.539308 0.053119 0.829214 -0.275384 0.076168 0.114260 
471826639901755 -0.138530 0.529786 0.054074 0.834992 -0.275998 0.075801 0.113790 
471826673403708 -0.139191 0.521378 0.054736 0.840116 -0.276506 0.075509 0.113586 
471826706905417 -0.140671 0.513495 0.055275 0.844677 -0.277099 0.075241 0.113164 
471826740401859 -0.142779 0.502436 0.056196 0.850891 -0.277736 0.075001 0.112619 
471826773903812 -0.142961 0.489603 0.055997 0.858321 -0.278319 0.075022 0.112277 
471826807405521 -0.143758 0.476488 0.055258 0.865586 -0.278870 0.075125 0.111780 
471826840928962 -0.145159 0.462414 0.054162 0.873023 -0.279480 0.075380 0.111464 
471826874430915 -0.145756 0.448814 0.052909 0.880069 -0.279884 0.075697 0.111058 
471826907932624 -0.146317 0.435425 0.052872 0.886680 -0.280472 0.076103 0.110659 
471826941446903 -0.147391 0.424302 0.052853 0.891880 -0.280523 0.076497 0.109688 
471826974948856 -0.147647 0.414433 0.052145 0.896508 -0.280873 0.076884 0.109338 
471827008290927 -0.148333 0.405697 0.051452 0.900422 -0.280908 0.077201 0.109373 
471827041792636 -0.148354 0.398125 0.050046 0.903871 -0.281154 0.077589 0.109027 
471827075294589 -0.148713 0.390827 0.048645 0.907068 -0.281378 0.077964 0.108648 
471827108797371 -0.148276 0.384281 0.046761 0.910031 -0.281599 0.078404 0.108514 
471827142299080 -0.147690 0.378767 0.045007 0.912523 -0.281713 0.078834 0.108408 
471827175801033 -0.147668 0.372156 0.043657 0.915308 -0.281925 0.079247 0.108149 
471827209302222 -0.147694 0.365116 0.042630 0.918183 -0.282101 0.079666 0.107940 
471827242803931 -0.147971 0.357926 0.041792 0.921003 -0.282346 0.080108 0.107662 
471827276305884 -0.148232 0.350846 0.041138 0.923711 -0.282685 0.080555 0.107291 
471827309807593 -0.148594 0.343677 0.040315 0.926380 -0.283034 0.080996 0.106905 
471827343274733 -0.147717 0.335930 0.038857 0.929420 -0.283865 0.081394 0.106869 
471827376776686 -0.146472 0.328892 0.037462 0.932187 -0.284064 0.081795 0.106646 
471827410331336 -0.146717 0.320811 0.036230 0.935009 -0.284293 0.082014 0.106006 
471827443833045 -0.147584 0.312686 0.035583 0.937646 -0.284778 0.082180 0.105383 
471827477334999 -0.147597 0.304871 0.035019 0.940235 -0.285295 0.082297 0.104908 
471827510952758 -0.147301 0.295042 0.034826 0.943419 -0.285399 0.082271 0.104241 
471827544454466 -0.147433 0.286890 0.034877 0.945908 -0.285958 0.082301 0.103656 
471827577956420 -0.147813 0.279660 0.035093 0.948003 -0.286532 0.082322 0.103049 
471827611458129 -0.147387 0.270539 0.035729 0.950689 -0.287175 0.082375 0.102479 
471827645004413 -0.146766 0.262744 0.036118 0.952954 -0.287583 0.082258 0.101820 
471827678506366 -0.146454 0.255335 0.036264 0.955008 -0.288103 0.082377 0.101017 
471827712008075 -0.145543 0.246337 0.036696 0.957491 -0.288603 0.082617 0.100176 
471827745505078 -0.144271 0.238144 0.036450 0.959763 -0.289500 0.082561 0.099655 
471827779006787 -0.143327 0.231080 0.036127 0.961642 -0.289735 0.082943 0.098678 
471827812518855 -0.142276 0.223276 0.035248 0.963672 -0.290227 0.083477 0.097601 
471827846020808 -0.141450 0.216426 0.034505 0.965381 -0.290242 0.083934 0.096531 
471827879522517 -0.140910 0.208782 0.034105 0.967156 -0.290229 0.084405 0.095365 
471827912940085 -0.140427 0.200702 0.033707 0.968949 -0.290399 0.084438 0.094251 
471827946486268 -0.139569 0.192369 0.033806 0.970758 -0.290298 0.084892 0.093249 
471827979987977 -0.137657 0.183888 0.033863 0.972671 -0.290014 0.085388 0.092317 
471828013497778 -0.136974 0.174733 0.033912 0.974452 -0.289874 0.085749 0.091008 
471828046999731 -0.136705 0.163097 0.034331 0.976490 -0.289657 0.086018 0.089762 
471828080501440 -0.136032 0.151072 0.034817 0.978499 -0.289412 0.086214 0.088599 
471828114044727 -0.134946 0.139488 0.035125 0.980356 -0.288997 0.086366 0.087388 
471828147546680 -0.133574 0.126950 0.035707 0.982225 -0.288519 0.086420 0.086224 
471828181048389 -0.131900 0.113782 0.035736 0.984062 -0.287971 0.086448 0.084940 
471828214550098 -0.130327 0.100197 0.035749 0.985747 -0.287493 0.086304 0.083527 
471828248083498 -0.129838 0.086938 0.035683 0.987072 -0.287065 0.085754 0.082037 
471828281585207 -0.130363 0.074120 0.035682 0.988048 -0.286772 0.085382 0.080335 
471828315086916 -0.131299 0.060569 0.035491 0.988854 -0.286729 0.084903 0.078522 
471828348706241 -0.133872 0.049379 0.035135 0.989144 -0.286817 0.083878 0.077629 
471828382207950 -0.134807 0.038685 0.034648 0.989510 -0.287091 0.083368 0.076129 
471828415709659 -0.134424 0.028044 0.033932 0.989946 -0.287401 0.082924 0.074817 
471828449129488 -0.134970 0.018200 0.032636 0.990145 -0.288148 0.082034 0.073561 
471828482631197 -0.135842 0.008576 0.031255 0.990200 -0.288422 0.081625 0.072325 
471828516095625 -0.135384 -0.001049 0.030648 0.990319 -0.288905 0.081278 0.071385 
471828549597579 -0.134427 -0.008469 0.030363 0.990422 -0.289183 0.081165 0.070664 
471828583099288 -0.133939 -0.014632 0.030332 0.990417 -0.289465 0.081073 0.069865 
471828616570116 -0.134885 -0.020267 0.030250 0.990192 -0.289742 0.080935 0.068776 
471828650072069 -0.135287 -0.024594 0.029935 0.990049 -0.289893 0.080958 0.068028 
471828683573778 -0.135399 -0.028186 0.029680 0.989945 -0.289994 0.080990 0.067325 
471828717048269 -0.136474 -0.037436 0.028182 0.989535 -0.296842 0.078345 0.073634 
471828750550222 -0.137558 -0.039331 0.027460 0.989331 -0.296861 0.078398 0.072966 
471828784051931 -0.138022 -0.041088 0.026919 0.989210 -0.296902 0.078510 0.072519 
471828817528567 -0.138515 -0.040367 0.026746 0.989176 -0.293067 0.078199 0.072107 
471828851030520 -0.139257 -0.041781 0.026336 0.989024 -0.293180 0.078187 0.071708 
471828884532229 -0.140270 -0.043501 0.026149 0.988812 -0.293243 0.078101 0.071328 
471828918033938 -0.141206 -0.045497 0.026106 0.988590 -0.293234 0.078006 0.071015 
471828951525950 -0.141994 -0.048960 0.026131 0.988311 -0.293959 0.077720 0.070575 
471828985027659 -0.142878 -0.051514 0.026266 0.988050 -0.293791 0.077578 0.070262 
471829018529368 -0.143463 -0.054369 0.026644 0.987802 -0.293616 0.077466 0.069959 
471829051954829 -0.144424 -0.058198 0.027028 0.987433 -0.293452 0.077360 0.069645 
471829085456538 -0.145239 -0.060804 0.027200 0.987152 -0.293285 0.077300 0.069339 
471829118958247 -0.145631 -0.062717 0.027400 0.986969 -0.293133 0.077295 0.069083 
471829152485948 -0.146155 -0.064806 0.027292 0.986759 -0.293496 0.077200 0.068593 
471829185987657 -0.147200 -0.066066 0.027255 0.986521 -0.293397 0.077136 0.068284 
471829219487153 -0.148747 -0.067820 0.027347 0.986168 -0.293246 0.076961 0.067949 
471829252989106 -0.150412 -0.069733 0.027194 0.985786 -0.293097 0.076711 0.067473 
471829286490815 -0.151705 -0.072389 0.027103 0.985399 -0.293018 0.076390 0.067036 
471829320006827 -0.152188 -0.076094 0.026943 0.985049 -0.293705 0.076100 0.066482 
471829353508780 -0.152259 -0.080196 0.027066 0.984710 -0.293766 0.075771 0.066200 
471829387010489 -0.152832 -0.083703 0.027256 0.984324 -0.293775 0.075474 0.065922 
471829420512198 -0.153001 -0.085532 0.027510 0.984133 -0.293808 0.075261 0.065745 
471829454012478 -0.152792 -0.086214 0.027729 0.984100 -0.293403 0.075298 0.065698 
471829487514187 -0.153460 -0.086964 0.027854 0.983927 -0.293436 0.075143 0.065447 
471829520998770 -0.154147 -0.087723 0.027837 0.983752 -0.293409 0.075057 0.065309 
471829554500724 -0.154421 -0.088653 0.027803 0.983627 -0.293477 0.074999 0.065155 
471829588002432 -0.154618 -0.090001 0.027732 0.983476 -0.293498 0.075008 0.065037 
471829621511160 -0.154925 -0.091271 0.027804 0.983308 -0.293457 0.075063 0.065005 
471829655013114 -0.155238 -0.092874 0.027930 0.983105 -0.293495 0.075077 0.064925 
471829688514823 -0.156225 -0.095291 0.027976 0.982716 -0.293524 0.074936 0.064766 
471829722016532 -0.157250 -0.098026 0.027954 0.982284 -0.293585 0.074706 0.064606 
471829755543109 -0.158843 -0.100497 0.028106 0.981773 -0.293560 0.074309 0.064504 
471829789044818 -0.161488 -0.102796 0.028107 0.981104 -0.293569 0.073678 0.064070 
471829822546527 -0.165139 -0.105470 0.028446 0.980202 -0.293525 0.072833 0.063418 
471829856097463 -0.171417 -0.109432 0.029289 0.978664 -0.293315 0.071559 0.062437 
471829889599172 -0.180569 -0.114659 0.030168 0.976390 -0.293128 0.069970 0.060943 
471829923037458 -0.191897 -0.121997 0.031289 0.973300 -0.292560 0.068160 0.059489 
471829956539411 -0.205435 -0.130285 0.032916 0.969401 -0.292106 0.065925 0.057310 
471829990041120 -0.218307 -0.137172 0.034548 0.965574 -0.291632 0.063587 0.055157 
471830023542829 -0.228626 -0.141489 0.035982 0.962505 -0.291074 0.062048 0.053365 
471830057417525 -0.236222 -0.143655 0.037381 0.960294 -0.290957 0.060211 0.051981 
471830090919234 -0.240063 -0.143265 0.038614 0.959351 -0.291055 0.058851 0.051072 
471830124420943 -0.242838 -0.141891 0.039131 0.958835 -0.291142 0.057780 0.050429 
471830157852093 -0.244592 -0.141385 0.039727 0.958440 -0.291411 0.057095 0.050304 
471830191353802 -0.244800 -0.141144 0.040511 0.958389 -0.291709 0.056721 0.050359 
471830224832988 -0.244986 -0.141508 0.041067 0.958264 -0.292305 0.056527 0.050655 
471830258334941 -0.244661 -0.142426 0.041128 0.958209 -0.292457 0.056533 0.050945 
471830291836650 -0.243947 -0.143382 0.041041 0.958252 -0.292603 0.056668 0.051287 
471830325338359 -0.242743 -0.143974 0.040958 0.958473 -0.292741 0.056927 0.051688 
471830358843774 -0.241495 -0.144532 0.041050 0.958700 -0.293172 0.057045 0.051729 
471830392345483 -0.241291 -0.145603 0.041108 0.958587 -0.293185 0.057169 0.051821 
471830425847192 -0.240639 -0.146511 0.041123 0.958612 -0.293214 0.057276 0.051898 
471830459270065 -0.239851 -0.147560 0.041276 0.958642 -0.293195 0.057430 0.051365 
471830492771774 -0.239668 -0.148759 0.041343 0.958499 -0.293098 0.057411 0.051174 
471830526273483 -0.239663 -0.150446 0.041467 0.958232 -0.292997 0.057371 0.050939 
471830559777462 -0.239532 -0.151893 0.041640 0.958029 -0.292789 0.057132 0.050576 
471830593279171 -0.239644 -0.154121 0.041695 0.957642 -0.292586 0.057052 0.050342 
471830626796412 -0.239638 -0.156541 0.041552 0.957258 -0.292300 0.056829 0.050131 
471830660298366 -0.239134 -0.158840 0.041388 0.957012 -0.291974 0.056860 0.050035 
471830693800075 -0.238323 -0.162048 0.041087 0.956689 -0.291599 0.056971 0.049939 
471830727310619 -0.236199 -0.166028 0.040950 0.956540 -0.291278 0.057063 0.049984 
471830760812572 -0.233646 -0.170462 0.040701 0.956397 -0.290953 0.057463 0.049906 
471830794314281 -0.228424 -0.173755 0.040510 0.957074 -0.290959 0.058169 0.049937 
471830827811976 -0.221654 -0.174340 0.041003 0.958537 -0.291020 0.058975 0.049797 
471830861313929 -0.215818 -0.173295 0.041539 0.960034 -0.291156 0.059862 0.049318 
471830894815638 -0.208041 -0.171251 0.042411 0.962078 -0.291376 0.061143 0.048597 
471830928190034 -0.199845 -0.165019 0.044230 0.964818 -0.290957 0.062618 0.047048 
471830961691987 -0.193540 -0.156844 0.046732 0.967346 -0.290960 0.064459 0.044978 
471830995193696 -0.187192 -0.145803 0.049328 0.970190 -0.290772 0.066424 0.042116 
471831028695405 -0.181690 -0.135941 0.051296 0.972562 -0.290252 0.068494 0.038371 
471831062112606 -0.178144 -0.130016 0.052848 0.973944 -0.289898 0.070482 0.033663 
471831095614315 -0.173167 -0.125351 0.054152 0.975381 -0.289239 0.073078 0.028326 
471831129254685 -0.168937 -0.118629 0.054876 0.976922 -0.288205 0.075961 0.022336 
471831162756394 -0.165671 -0.113230 0.054636 0.978134 -0.286924 0.078618 0.015512 
471831196258103 -0.162816 -0.110247 0.053608 0.979011 -0.285380 0.081183 0.008217 
471831229705665 -0.159549 -0.108083 0.052263 0.979863 -0.283650 0.084062 0.000347 
471831263207374 -0.157002 -0.105820 0.050038 0.980637 -0.281547 0.086281 -0.007655 
471831296709083 -0.154786 -0.105324 0.047523 0.981168 -0.279264 0.088352 -0.015911 
471831330265528 -0.151766 -0.102658 0.045406 0.982022 -0.276897 0.090417 -0.024208 
471831363767237 -0.149608 -0.101270 0.043407 0.982587 -0.274279 0.092038 -0.033034 
471831397268946 -0.146552 -0.102161 0.041843 0.983023 -0.271546 0.093591 -0.042007 
471831430770899 -0.142131 -0.100266 0.040513 0.983923 -0.268754 0.095017 -0.051117 
471831464300907 -0.140809 -0.099280 0.038945 0.984276 -0.265745 0.096027 -0.060763 
471831497802616 -0.142187 -0.101915 0.037191 0.983877 -0.261882 0.096857 -0.070879 
471831531340023 -0.145384 -0.107457 0.035248 0.982891 -0.257893 0.097789 -0.081069 
471831564841732 -0.148103 -0.114121 0.033322 0.981800 -0.253213 0.098450 -0.091110 
471831598343441 -0.149115 -0.122535 0.031901 0.980680 -0.248301 0.099221 -0.100762 
471831631845394 -0.151508 -0.131558 0.030354 0.979192 -0.243015 0.099894 -0.110453 
471831665350608 -0.154983 -0.140087 0.028250 0.977526 -0.237310 0.100563 -0.119853 
471831698852317 -0.156725 -0.148886 0.026123 0.976006 -0.231542 0.101120 -0.129083 
471831732373848 -0.157115 -0.158313 0.024298 0.974506 -0.225495 0.101519 -0.137666 
471831765875557 -0.157901 -0.168266 0.022358 0.972756 -0.219197 0.101798 -0.146626 
471831799377266 -0.159086 -0.178681 0.020522 0.970744 -0.212546 0.101881 -0.155641 
471831832879219 -0.160653 -0.188345 0.018502 0.968697 -0.205537 0.101846 -0.164647 
471831866369313 -0.161028 -0.196911 0.016669 0.966963 -0.198214 0.101680 -0.173614 
471831899871022 -0.161443 -0.204051 0.015178 0.965437 -0.190757 0.101634 -0.182166 
471831933372975 -0.161413 -0.209360 0.013645 0.964328 -0.183137 0.101518 -0.190624 
471831966806612 -0.161895 -0.213200 0.012286 0.963423 -0.175405 0.100989 -0.198901 
471832000308321 -0.163738 -0.214687 0.010706 0.962800 -0.167403 0.100466 -0.207433 
471832033722396 -0.166057 -0.214446 0.008927 0.962475 -0.159218 0.099764 -0.215664 
471832067224105 -0.167772 -0.213628 0.007584 0.962371 -0.150989 0.099005 -0.223923 
471832100725814 -0.167847 -0.212140 0.007071 0.962691 -0.142748 0.098222 -0.231910 
471832134227767 -0.167870 -0.212537 0.007352 0.962597 -0.134299 0.097256 -0.239920 
471832167676567 -0.170047 -0.213425 0.006987 0.962021 -0.125470 0.095903 -0.247113 
471832201178276 -0.172441 -0.213704 0.006782 0.961534 -0.116531 0.094501 -0.254955 
471832234752090 -0.175171 -0.214792 0.006252 0.960802 -0.107720 0.092702 -0.262309 
471832268253799 -0.179402 -0.216881 0.005104 0.959558 -0.098642 0.090898 -0.269702 
471832301755508 -0.183261 -0.218938 0.003906 0.958366 -0.089851 0.089092 -0.276434 
471832335324663 -0.185820 -0.221518 0.003020 0.957283 -0.081700 0.087263 -0.281753 
471832368826372 -0.187585 -0.224762 0.002689 0.956183 -0.073632 0.085561 -0.286798 
471832402328081 -0.189640 -0.228137 0.002338 0.954979 -0.065910 0.083861 -0.291231 
471832435819277 -0.191863 -0.230621 0.001789 0.953939 -0.058577 0.081918 -0.294967 
471832469320986 -0.193368 -0.232996 0.001288 0.953058 -0.051577 0.080336 -0.298158 
471832502822695 -0.194237 -0.235003 0.001017 0.952389 -0.045002 0.079046 -0.300621 
471832536324648 -0.193750 -0.237638 0.001090 0.951834 -0.038816 0.078053 -0.302515 
471832569785345 -0.194428 -0.239644 0.000614 0.951193 -0.032825 0.076899 -0.304146 
471832603287054 -0.194957 -0.241135 -0.000239 0.950708 -0.027073 0.076156 -0.305412 
471832636840212 -0.195353 -0.242700 -0.001029 0.950228 -0.021231 0.075547 -0.306599 
471832670341921 -0.195561 -0.244635 -0.001679 0.949688 -0.015832 0.075042 -0.307338 
471832703843630 -0.196164 -0.245515 -0.002973 0.949333 -0.010517 0.074571 -0.307902 
471832737347445 -0.196811 -0.246697 -0.004592 0.948886 -0.006881 0.074099 -0.306705 
471832770849154 -0.197102 -0.247781 -0.006224 0.948534 -0.001909 0.073776 -0.306804 
471832804350862 -0.196950 -0.248683 -0.008063 0.948316 0.002939 0.073573 -0.306755 
471832837859067 -0.197107 -0.249193 -0.009909 0.948132 0.007541 0.073207 -0.306354 
471832871360776 -0.197688 -0.249637 -0.011862 0.947871 0.012197 0.073084 -0.306072 
471832904862485 -0.197663 -0.249584 -0.013510 0.947868 0.016616 0.073035 -0.305559 
471832938375075 -0.197719 -0.249310 -0.015030 0.947906 0.021602 0.072803 -0.305549 
471832971876784 -0.197854 -0.248813 -0.016458 0.947985 0.025696 0.072799 -0.304827 
471833005378493 -0.197770 -0.248477 -0.017639 0.948069 0.029602 0.072874 -0.303941 
471833038880446 -0.197102 -0.249773 -0.018356 0.947854 0.033339 0.073019 -0.302988 
471833072382978 -0.197218 -0.250555 -0.019418 0.947602 0.037460 0.072985 -0.302241 
471833105884687 -0.197055 -0.252046 -0.020193 0.947225 0.041096 0.073270 -0.301100 
471833139365047 -0.196250 -0.253783 -0.020378 0.946924 0.045086 0.073474 -0.300111 
471833172866756 -0.195691 -0.255621 -0.020601 0.946540 0.048799 0.073958 -0.298554 
471833201365662 -0.195538 -0.256901 -0.021138 0.946213 0.052061 0.074415 -0.297093 
471833234867615 -0.194775 -0.257953 -0.022185 0.946061 0.055883 0.075081 -0.295199 
471833268338473 -0.194144 -0.258977 -0.023557 0.945877 0.059842 0.075631 -0.293577 
471833301840182 -0.193986 -0.260064 -0.024989 0.945575 0.063728 0.076406 -0.291593 
471833335328920 -0.193323 -0.260826 -0.026113 0.945470 0.067534 0.077223 -0.289659 
471833368830629 -0.192681 -0.261176 -0.027132 0.945476 0.071111 0.078124 -0.287501 
471833402332338 -0.192039 -0.262267 -0.027950 0.945281 0.074586 0.079004 -0.285321 
471833435834291 -0.191338 -0.263193 -0.028523 0.945148 0.077942 0.079870 -0.283032 
471833469350830 -0.190581 -0.264201 -0.028340 0.945026 0.081112 0.080739 -0.280660 
471833502852539 -0.190238 -0.264011 -0.028193 0.945152 0.084349 0.081449 -0.278156 
471833536373211 -0.189742 -0.263095 -0.028312 0.945504 0.088029 0.081940 -0.275691 
471833569874920 -0.189855 -0.260787 -0.028805 0.946105 0.091493 0.082425 -0.272942 
471833603376629 -0.190689 -0.257972 -0.029627 0.946684 0.095002 0.082865 -0.269929 
471833636878582 -0.191282 -0.254063 -0.030193 0.947603 0.098566 0.083359 -0.266471 
471833670423267 -0.190710 -0.249460 -0.030650 0.948926 0.102039 0.083928 -0.262518 
471833703924976 -0.190494 -0.245344 -0.030774 0.950038 0.105349 0.084578 -0.258251 
471833737477169 -0.189639 -0.240830 -0.030654 0.951367 0.108538 0.085066 -0.253316 
471833770978878 -0.188597 -0.237442 -0.029817 0.952451 0.111488 0.085715 -0.248210 
471833804480587 -0.186726 -0.233005 -0.028511 0.953954 0.114245 0.086397 -0.242673 
471833837982541 -0.184432 -0.228596 -0.026777 0.955516 0.116893 0.087086 -0.236784 
471833871529503 -0.181621 -0.224597 -0.024639 0.957060 0.119600 0.087845 -0.230533 
471833905031212 -0.179041 -0.221727 -0.022763 0.958260 0.122287 0.088719 -0.224237 
471833938595911 -0.177561 -0.219156 -0.021663 0.959153 0.125328 0.089680 -0.217883 
471833972097620 -0.176363 -0.216187 -0.021341 0.960054 0.128441 0.090685 -0.211230 
471834005599329 -0.175220 -0.213264 -0.021049 0.960923 0.131625 0.091816 -0.204229 
471834039101282 -0.173779 -0.210005 -0.021014 0.961903 0.134909 0.093136 -0.196773 
471834072613187 -0.172299 -0.208438 -0.020434 0.962522 0.138278 0.094421 -0.188781 
471834106114896 -0.170746 -0.206916 -0.020356 0.963129 0.141876 0.095931 -0.180262 
471834139572818 -0.168303 -0.204570 -0.020377 0.964059 0.145713 0.097683 -0.171188 
471834173074527 -0.166523 -0.204544 -0.020140 0.964379 0.149684 0.099118 -0.161796 
471834206576236 -0.164424 -0.204056 -0.020208 0.964841 0.153999 0.100513 -0.151877 
471834240078189 -0.161492 -0.204374 -0.020134 0.965270 0.158593 0.101913 -0.141429 
471834273711121 -0.159517 -0.205514 -0.020348 0.965352 0.163747 0.103080 -0.130908 
471834307212830 -0.157189 -0.206639 -0.020515 0.965490 0.168794 0.104224 -0.119931 
471834340714783 -0.154381 -0.208567 -0.020721 0.965524 0.173837 0.105234 -0.108662 
471834374110387 -0.152481 -0.210922 -0.021206 0.965304 0.178459 0.105966 -0.097181 
471834407612340 -0.152352 -0.213238 -0.021658 0.964805 0.183449 0.106476 -0.085723 
471834441114049 -0.152667 -0.215595 -0.021313 0.964239 0.188056 0.106728 -0.074132 
471834474701803 -0.151485 -0.218706 -0.019899 0.963755 0.191915 0.106841 -0.062105 
471834508203512 -0.150351 -0.221101 -0.018364 0.963417 0.195643 0.106804 -0.049955 
471834541412721 -0.150276 -0.221969 -0.017509 0.963245 0.199823 0.106759 -0.037379 
471834574914430 -0.151215 -0.223676 -0.016225 0.962725 0.202768 0.106092 -0.025303 
471834608416139 -0.152087 -0.225513 -0.014710 0.962183 0.205332 0.105195 -0.013129 
471834641918092 -0.152725 -0.227388 -0.013224 0.961663 0.207372 0.104100 -0.000798 
471834675425322 -0.152700 -0.228642 -0.011787 0.961388 0.208724 0.102756 0.011379 
471834708927275 -0.154197 -0.227827 -0.010994 0.961352 0.209694 0.101216 0.023403 
471834742428984 -0.156390 -0.226411 -0.011122 0.961331 0.210282 0.099610 0.035120 
471834775829103 -0.157745 -0.223392 -0.012128 0.961803 0.210864 0.098125 0.046930 
471834809331057 -0.158566 -0.219612 -0.013190 0.962524 0.210466 0.096815 0.058475 
471834842958692 -0.157822 -0.217872 -0.014573 0.963022 0.208217 0.095621 0.068486 
471834876460401 -0.157684 -0.216083 -0.016120 0.963423 0.207141 0.094768 0.079346 
471834909962355 -0.158834 -0.211997 -0.018134 0.964106 0.205794 0.094131 0.089916 
471834943464064 -0.158258 -0.207271 -0.019437 0.965202 0.203914 0.093785 0.100327 
471834976918562 -0.156777 -0.203012 -0.019654 0.966344 0.202002 0.093372 0.110508 
471835010420515 -0.155339 -0.199862 -0.020207 0.967221 0.199749 0.093316 0.120092 
471835043922224 -0.155063 -0.199104 -0.020657 0.967412 0.197354 0.093316 0.128871 
471835077399849 -0.156559 -0.197533 -0.021269 0.967480 0.195445 0.092726 0.136717 
471835110901802 -0.158670 -0.197221 -0.021778 0.967188 0.193328 0.092572 0.144211 
471835144403511 -0.159745 -0.196611 -0.022429 0.967121 0.191270 0.092451 0.151350 
471835177859374 -0.161740 -0.197381 -0.022248 0.966636 0.189087 0.092088 0.157463 
471835211361327 -0.163850 -0.197081 -0.021989 0.966348 0.187292 0.091608 0.163781 
471835244940004 -0.164505 -0.196866 -0.021863 0.966284 0.185208 0.091381 0.169502 
471835278441713 -0.164867 -0.196495 -0.021621 0.966303 0.183263 0.090802 0.175209 
471835311943666 -0.165855 -0.196407 -0.021420 0.966156 0.181402 0.090076 0.180526 
471835345561337 -0.167117 -0.196250 -0.022016 0.965957 0.179390 0.089650 0.185640 
471835379063046 -0.167844 -0.194245 -0.022698 0.966220 0.177577 0.088836 0.190568 
471835412564999 -0.169523 -0.192211 -0.022796 0.966332 0.175596 0.087791 0.195084 
471835446023621 -0.171734 -0.189218 -0.022695 0.966534 0.173507 0.086519 0.199289 
471835479525330 -0.173518 -0.185138 -0.022806 0.967003 0.171338 0.085270 0.203307 
471835513027283 -0.174665 -0.182539 -0.023278 0.967280 0.169121 0.084099 0.207196 
471835546528992 -0.175027 -0.181173 -0.024156 0.967449 0.166843 0.083063 0.210876 
471835580003478 -0.175959 -0.178737 -0.025731 0.967693 0.164711 0.082379 0.215383 
471835613505431 -0.176261 -0.175988 -0.027123 0.968104 0.162469 0.081596 0.218648 
471835646982300 -0.175561 -0.173651 -0.028034 0.968627 0.160078 0.081283 0.223197 
471835680484009 -0.174532 -0.170659 -0.029242 0.969308 0.157793 0.080876 0.226045 
471835713985962 -0.173729 -0.168794 -0.029414 0.969774 0.155528 0.080467 0.228554 
471835747487671 -0.172291 -0.168433 -0.028689 0.970115 0.153326 0.080173 0.230841 
471835781047397 -0.171528 -0.166277 -0.028375 0.970631 0.151242 0.079888 0.233167 
471835814549350 -0.170311 -0.164443 -0.028272 0.971161 0.149328 0.079799 0.235227 
471835848037048 -0.169936 -0.163085 -0.028057 0.971462 0.147339 0.079938 0.237033 
471835881538757 -0.169174 -0.163133 -0.027064 0.971615 0.145382 0.079943 0.238815 
471835915040711 -0.167426 -0.163461 -0.025746 0.971898 0.143473 0.080065 0.240682 
471835948500669 -0.165797 -0.161503 -0.024754 0.972530 0.141365 0.080130 0.243450 
471835982141741 -0.165148 -0.158920 -0.024484 0.973073 0.139681 0.080294 0.244970 
471836015504331 -0.163882 -0.157590 -0.023922 0.973517 0.138013 0.080462 0.246332 
471836049006040 -0.162100 -0.156720 -0.022583 0.973988 0.136271 0.080565 0.247497 
471836082505481 -0.162500 -0.155447 -0.021429 0.974151 0.134434 0.080458 0.248730 
471836116007434 -0.163972 -0.154796 -0.020439 0.974029 0.132841 0.080232 0.249358 
471836149509143 -0.165345 -0.154816 -0.019262 0.973818 0.131166 0.079953 0.250043 
471836182982153 -0.166292 -0.154300 -0.018364 0.973756 0.129264 0.079811 0.250900 
471836216484106 -0.165487 -0.153030 -0.017447 0.974111 0.127351 0.079730 0.252250 
471836249998680 -0.165076 -0.151968 -0.016995 0.974355 0.125469 0.079675 0.253977 
471836283500389 -0.164437 -0.152050 -0.016971 0.974450 0.123574 0.079655 0.255561 
471836317002342 -0.163290 -0.152160 -0.017125 0.974623 0.121585 0.079713 0.257281 
471836350504051 -0.162518 -0.151338 -0.017075 0.974881 0.119408 0.079790 0.258932 
471836384021253 -0.162209 -0.149549 -0.017008 0.975210 0.116751 0.079851 0.260723 
471836417523206 -0.162648 -0.147680 -0.017508 0.975413 0.113931 0.079903 0.262395 
471836451001953 -0.162934 -0.145452 -0.017891 0.975693 0.110962 0.079777 0.263922 
471836484503662 -0.161894 -0.143242 -0.017701 0.976196 0.107417 0.079707 0.265650 
471836518005615 -0.159602 -0.139559 -0.017441 0.977111 0.103619 0.079630 0.267392 
471836551421466 -0.157783 -0.134765 -0.016970 0.978087 0.099588 0.079240 0.268986 
471836584923175 -0.156918 -0.130965 -0.016765 0.978746 0.095213 0.078949 0.270124 
471836618425128 -0.156743 -0.127307 -0.016954 0.979253 0.090721 0.078607 0.270992 
471836651926837 -0.157522 -0.124004 -0.016913 0.979553 0.085972 0.078129 0.271468 
471836685539054 -0.159533 -0.120526 -0.016456 0.979669 0.081132 0.077340 0.271297 
471836719041007 -0.162168 -0.116461 -0.015315 0.979747 0.075778 0.076421 0.271081 
471836752580087 -0.163543 -0.114207 -0.011820 0.979832 0.070054 0.075030 0.270381 
471836786081796 -0.166829 -0.113413 -0.007712 0.979411 0.064085 0.073325 0.269380 
471836819583749 -0.172476 -0.112782 -0.003989 0.978528 0.058441 0.071235 0.268044 
471836853283155 -0.177925 -0.112687 -0.000982 0.977570 0.053799 0.068766 0.266351 
471836886784864 -0.183420 -0.111926 0.000837 0.976642 0.048886 0.066448 0.265148 
471836920286817 -0.189850 -0.112926 0.002524 0.975294 0.044086 0.064077 0.263831 
471836953788526 -0.196306 -0.114123 0.003200 0.973873 0.039584 0.061844 0.262785 
471836987227930 -0.201548 -0.116862 0.004150 0.972474 0.034391 0.060076 0.262726 
471837020729884 -0.203976 -0.119174 0.005936 0.971677 0.030168 0.058125 0.262400 
471837054231593 -0.206744 -0.118951 0.008086 0.971104 0.026452 0.056257 0.262108 
471837087622598 -0.209042 -0.117757 0.009533 0.970744 0.022760 0.054681 0.262404 
471837121124551 -0.210965 -0.116195 0.009867 0.970513 0.019396 0.053143 0.262224 
471837154570887 -0.212802 -0.115928 0.009900 0.970143 0.015938 0.051227 0.261690 
471837188072596 -0.215993 -0.115786 0.010030 0.969453 0.012298 0.049538 0.261271 
471837221574549 -0.219701 -0.114361 0.010653 0.968783 0.008366 0.047788 0.260821 
471837255076258 -0.221209 -0.108385 0.012208 0.969108 0.003951 0.046265 0.260478 
471837288654540 -0.221066 -0.098896 0.014279 0.970126 -0.000358 0.044856 0.259950 
471837322156493 -0.220169 -0.090578 0.016665 0.971104 -0.005178 0.043839 0.259704 
471837355783853 -0.218678 -0.081439 0.017772 0.972230 -0.010153 0.043077 0.259731 
471837389285562 -0.216812 -0.070344 0.017516 0.973518 -0.015096 0.042770 0.259458 
471837422787515 -0.213332 -0.062555 0.017232 0.974823 -0.020183 0.042800 0.259110 
471837456289224 -0.207688 -0.054463 0.016665 0.976536 -0.025486 0.043222 0.258980 
471837489806736 -0.203104 -0.044932 0.015703 0.978000 -0.030909 0.043473 0.258727 
471837523308689 -0.201912 -0.036658 0.015838 0.978589 -0.036551 0.043682 0.257687 
471837590227650 -0.196694 -0.019617 0.019501 0.980075 -0.047738 0.044620 0.256009 
471837623729603 -0.193792 -0.010667 0.021865 0.980741 -0.053003 0.045384 0.255257 
471837657231312 -0.189747 -0.004354 0.023475 0.981543 -0.057983 0.046484 0.254787 
471837690743236 -0.182592 -0.000506 0.024802 0.982876 -0.062560 0.047897 0.254566 
471837724245189 -0.177512 0.003138 0.025324 0.983788 -0.066751 0.049450 0.254086 
471837757746898 -0.176023 0.007066 0.025453 0.984032 -0.070535 0.050785 0.253277 
471837791193325 -0.175961 0.010291 0.026580 0.983984 -0.074068 0.051767 0.252823 
471837824695034 -0.175342 0.013107 0.028200 0.984016 -0.076423 0.052638 0.252342 
471837858291265 -0.174265 0.015844 0.028733 0.984152 -0.078893 0.053062 0.251878 
471837891905116 -0.174228 0.016680 0.028665 0.984147 -0.079837 0.053541 0.251465 
471837925294927 -0.174078 0.016661 0.028594 0.984176 -0.080176 0.053818 0.251274 
471837958750830 -0.173675 0.016780 0.028770 0.984240 -0.080807 0.053829 0.251086 
471837992252539 -0.172863 0.016836 0.029028 0.984374 -0.080400 0.053784 0.250998 
471838025754493 -0.173612 0.016919 0.028577 0.984254 -0.079717 0.053654 0.250753 
471838059256201 -0.174753 0.016852 0.028268 0.984062 -0.079045 0.053537 0.250466 
471838092771138 -0.175236 0.016933 0.027953 0.983984 -0.078697 0.053283 0.249995 
471838126272847 -0.175864 0.017196 0.027858 0.983870 -0.078340 0.053248 0.249838 
471838159787776 -0.175764 0.016757 0.028474 0.983878 -0.078080 0.053038 0.249708 
471838193289729 -0.175882 0.016052 0.029089 0.983850 -0.078047 0.053136 0.249806 
471838226791438 -0.175847 0.015207 0.029646 0.983853 -0.078110 0.053284 0.249914 
471838260297875 -0.175895 0.014840 0.030342 0.983829 -0.078051 0.053181 0.249834 
471838293799828 -0.175571 0.014532 0.031022 0.983871 -0.078009 0.053374 0.250111 
471838327301537 -0.174607 0.014109 0.031607 0.984030 -0.077967 0.053587 0.250466 
471838360791744 -0.173595 0.014238 0.031881 0.984198 -0.077366 0.053469 0.250498 
471838427795406 -0.174145 0.013300 0.032297 0.984100 -0.077158 0.053593 0.250461 
471838461301794 -0.174289 0.012816 0.032487 0.984075 -0.076981 0.053290 0.250048 
471838494803747 -0.175031 0.013015 0.032599 0.983937 -0.076904 0.053162 0.249899 
471838528305456 -0.175348 0.013852 0.032796 0.983863 -0.076900 0.052999 0.249796 
471838561807165 -0.175649 0.013726 0.032880 0.983808 -0.076883 0.052835 0.249717 
471838595296431 -0.176251 0.013848 0.033048 0.983693 -0.076570 0.052365 0.249337 
471838628798140 -0.176441 0.013727 0.033419 0.983648 -0.076674 0.052264 0.249228 
471838662299849 -0.176681 0.013637 0.034002 0.983586 -0.076779 0.052183 0.249074 
471838695796831 -0.176438 0.013288 0.034670 0.983611 -0.076539 0.052028 0.248835 
471838729298540 -0.176014 0.012519 0.035006 0.983685 -0.076572 0.051922 0.248489 
471838762797846 -0.176602 0.012201 0.035276 0.983574 -0.076359 0.051675 0.247992 
471838796299799 -0.175237 0.011461 0.035466 0.983820 -0.076375 0.051601 0.247573 
471838829801508 -0.172202 0.010811 0.035877 0.984349 -0.076463 0.051639 0.247235 
471838863303217 -0.169140 0.009945 0.036350 0.984871 -0.076619 0.051685 0.246798 
471838896774539 -0.167564 0.009945 0.036435 0.985137 -0.075833 0.051241 0.245646 
471838930276248 -0.167864 0.010562 0.036261 0.985087 -0.075892 0.051055 0.245034 
471838963777957 -0.168585 0.011985 0.036144 0.984951 -0.075978 0.050871 0.244651 
471838997286134 -0.168171 0.013393 0.036111 0.985005 -0.075872 0.050703 0.244278 
471839030787843 -0.167794 0.013428 0.036346 0.985060 -0.075934 0.050683 0.244405 
471839064289552 -0.166983 0.013396 0.036484 0.985193 -0.075961 0.050794 0.244737 
471839097798644 -0.166411 0.013265 0.036602 0.985288 -0.076166 0.050813 0.245387 
471839131300353 -0.164936 0.013908 0.036831 0.985518 -0.076204 0.050868 0.245929 
471839164753264 -0.164716 0.014098 0.036942 0.985548 -0.076208 0.050414 0.245658 
471839198255217 -0.165857 0.013940 0.037000 0.985357 -0.076128 0.050005 0.245483 
471839231756926 -0.167048 0.013977 0.036800 0.985162 -0.075909 0.049454 0.245139 
471839265270335 -0.168560 0.013604 0.036585 0.984918 -0.075748 0.048530 0.244355 
471839298772288 -0.170198 0.012855 0.036800 0.984639 -0.075616 0.047710 0.243680 
471839332273997 -0.172316 0.012617 0.036911 0.984269 -0.075544 0.046778 0.242918 
471839365778826 -0.175111 0.013191 0.037010 0.983764 -0.075470 0.045527 0.241567 
471839399280779 -0.177156 0.013197 0.037219 0.983390 -0.075486 0.044554 0.240942 
471839432782488 -0.177949 0.013189 0.037231 0.983247 -0.075361 0.043700 0.240664 
471839466277486 -0.178222 0.014089 0.037079 0.983190 -0.074991 0.042656 0.240229 
471839499779439 -0.178906 0.013787 0.036768 0.983082 -0.074395 0.041429 0.239787 
471839533281148 -0.177378 0.012799 0.036849 0.983369 -0.073743 0.039836 0.239406 
471839566782857 -0.174466 0.011144 0.038233 0.983858 -0.073401 0.037470 0.238718 
471839600285303 -0.173442 0.009762 0.040736 0.983953 -0.073197 0.034222 0.237283 
471839633787012 -0.172708 0.008761 0.043307 0.983981 -0.073228 0.029990 0.235205 
471839667288721 -0.177089 0.007905 0.045170 0.983126 -0.073354 0.024743 0.232045 
471839700834400 -0.185133 0.007052 0.047357 0.981546 -0.073307 0.018266 0.228459 
471839734336109 -0.191846 0.006480 0.050571 0.980100 -0.073220 0.012185 0.224846 
471839767837818 -0.197809 0.007198 0.053188 0.978770 -0.073182 0.006123 0.221492 
471839801251428 -0.199588 0.006913 0.054991 0.978311 -0.072559 0.000445 0.218597 
471839834753137 -0.198694 0.006313 0.055212 0.978485 -0.071719 -0.005413 0.215975 
471839868254846 -0.198414 0.008526 0.054585 0.978560 -0.070431 -0.011541 0.213162 
471839902016761 -0.200731 0.011719 0.052730 0.978156 -0.068597 -0.018260 0.209445 
471839935518470 -0.202934 0.013027 0.050834 0.977785 -0.066768 -0.025135 0.206400 
471839969020179 -0.204871 0.012851 0.048756 0.977490 -0.064708 -0.032308 0.203158 
471840002425228 -0.210513 0.014326 0.045895 0.976408 -0.063046 -0.040113 0.199020 
471840035926937 -0.215789 0.011661 0.043528 0.975400 -0.061233 -0.047847 0.195424 
471840069542654 -0.222844 0.007944 0.041292 0.973947 -0.059600 -0.055694 0.191397 
471840103044607 -0.228789 0.005307 0.038436 0.972702 -0.057993 -0.063465 0.188301 
471840136546316 -0.235912 0.000953 0.036066 0.971104 -0.056688 -0.071334 0.185085 
471840170048025 -0.245204 -0.001640 0.032959 0.968910 -0.055455 -0.079155 0.181829 
471840203555654 -0.252949 -0.002238 0.030453 0.966998 -0.053241 -0.086816 0.178572 
471840237057363 -0.259147 -0.004341 0.029326 0.965383 -0.052336 -0.093712 0.175809 
471840270547196 -0.266590 -0.004870 0.028965 0.963362 -0.051390 -0.100833 0.172550 
471840304049149 -0.272961 -0.005306 0.029177 0.961568 -0.050850 -0.106619 0.170027 
471840337550858 -0.279755 -0.007463 0.030256 0.959565 -0.050480 -0.111781 0.167435 
471840370879065 -0.285195 -0.009571 0.032012 0.957887 -0.049658 -0.116635 0.164567 
471840404381018 -0.288113 -0.010581 0.033791 0.956941 -0.049491 -0.119590 0.163125 
471840437882727 -0.291336 -0.010734 0.034733 0.955930 -0.049344 -0.121683 0.161889 
471840471362670 -0.293753 -0.011615 0.035229 0.955161 -0.049316 -0.122988 0.160461 
471840504864623 -0.294388 -0.011274 0.035438 0.954962 -0.049210 -0.123328 0.160088 
471840538366332 -0.294494 -0.010564 0.035825 0.954923 -0.049228 -0.123189 0.159927 
471840571868041 -0.294764 -0.010577 0.036519 0.954813 -0.049345 -0.122784 0.159905 
471840605267812 -0.294516 -0.010264 0.037324 0.954862 -0.049849 -0.123104 0.159612 
471840638769521 -0.294808 -0.009715 0.038086 0.954748 -0.050138 -0.122709 0.159627 
471840672240119 -0.295399 -0.008896 0.038646 0.954551 -0.050323 -0.123450 0.159318 
471840705742072 -0.296143 -0.008694 0.038909 0.954311 -0.050408 -0.123314 0.159197 
471840739243781 -0.297510 -0.008033 0.039011 0.953888 -0.050448 -0.123265 0.158989 
471840772745490 -0.298656 -0.007649 0.039527 0.953511 -0.050397 -0.123216 0.158869 
471840806290329 -0.299357 -0.007277 0.039780 0.953284 -0.050256 -0.124111 0.158347 
471840839792038 -0.299847 -0.007168 0.039967 0.953123 -0.050222 -0.123934 0.158336 
471840873293747 -0.299970 -0.006855 0.039946 0.953087 -0.050220 -0.123626 0.158448 
471840906840804 -0.299656 -0.006412 0.039932 0.953190 -0.050123 -0.124204 0.158242 
471840940342513 -0.299323 -0.005735 0.039805 0.953304 -0.050154 -0.123696 0.158479 
471840973872336 -0.299011 -0.005117 0.039824 0.953405 -0.050157 -0.124044 0.158236 
471841007374289 -0.298905 -0.004628 0.040055 0.953431 -0.050294 -0.123569 0.158407 
471841040875998 -0.298502 -0.003770 0.040085 0.953559 -0.050456 -0.123076 0.158586 
471841074411741 -0.298114 -0.003470 0.040297 0.953673 -0.050620 -0.123375 0.158305 
471841107913694 -0.298612 -0.003010 0.040393 0.953515 -0.050791 -0.123106 0.158239 
471841141415403 -0.298852 -0.002547 0.040639 0.953430 -0.050955 -0.122883 0.158197 
471841174917112 -0.298800 -0.002300 0.041007 0.953431 -0.051090 -0.122708 0.158147 
471841208463096 -0.299259 -0.001989 0.040896 0.953293 -0.051106 -0.122977 0.158107 
471841241964805 -0.299693 -0.001781 0.040820 0.953160 -0.051182 -0.122942 0.157935 
471841275501752 -0.299948 -0.001732 0.041345 0.953058 -0.051113 -0.123160 0.157918 
471841309003461 -0.300654 -0.001311 0.041643 0.952823 -0.051142 -0.123149 0.157815 
471841342505170 -0.300831 -0.000601 0.041488 0.952775 -0.051107 -0.122997 0.157857 
471841376007123 -0.300806 -0.000494 0.041411 0.952786 -0.051082 -0.122789 0.157946 
471841409522978 -0.301453 -0.000033 0.041237 0.952589 -0.050921 -0.122868 0.157826 
471841443024687 -0.302413 0.001283 0.040755 0.952304 -0.050846 -0.122650 0.157809 
