# Created at Tue May 27 14:18:35 GMT+09:00 2025 in Burnaby Canada 
-0.039330 -0.209120 -0.703556 25.00 18.00 25.00 
-0.056648 -0.214061 -0.545722 136.00 136.00 162.00 
-0.059037 -0.274934 -0.491199 127.00 123.00 150.00 
-0.052428 -0.278768 -0.403240 40.00 30.00 57.00 
-0.069793 -0.271690 -0.506366 58.00 57.00 91.00 
-0.076445 -0.273763 -0.484010 50.00 52.00 93.00 
-0.069570 -0.031749 -0.695298 101.00 48.00 32.00 
-0.102673 -0.287415 -0.543604 37.00 33.00 56.00 
-0.091749 -0.040019 -0.692880 159.00 100.00 22.00 
-0.117255 0.002244 -0.684941 185.00 123.00 40.00 
-0.137796 -0.015390 -0.680177 175.00 118.00 29.00 
-0.067761 0.028256 -0.692152 213.00 221.00 174.00 
-0.105253 0.029409 -0.693904 174.00 110.00 13.00 
-0.129072 0.020197 -0.690181 205.00 149.00 4.00 
-0.130461 0.087314 -0.693529 123.00 64.00 30.00 
-0.137967 0.096133 -0.682250 123.00 61.00 36.00 
-0.137279 0.076078 -0.673013 138.00 76.00 35.00 
-0.127428 -0.208340 -0.640215 18.00 18.00 30.00 
-0.109682 -0.060854 -0.700218 203.00 136.00 45.00 
-0.167068 -0.276992 -0.572316 94.00 104.00 219.00 
-0.113130 -0.154292 -0.728266 112.00 80.00 93.00 
-0.156367 -0.136260 -0.814491 119.00 73.00 58.00 
5019220152157329000000000000000000.000000 20076880608629315000000000000000000.000000 20158328397634018000000000000000000.000000 78.00 59.00 65.00 
-0.148767 -0.233751 -0.613876 142.00 149.00 229.00 
-0.188780 -0.273372 -0.568873 100.00 107.00 223.00 
-0.165772 -0.207016 -0.625057 131.00 130.00 172.00 
-0.212848 -0.077103 -0.683946 231.00 182.00 139.00 
-0.208686 -0.008107 -0.670552 130.00 72.00 35.00 
-0.212138 0.018269 -0.676698 176.00 115.00 35.00 
-0.233223 -0.177138 -0.621984 27.00 24.00 41.00 
-0.242179 -0.232333 -0.614933 110.00 112.00 150.00 
-0.241588 -0.284303 -0.568394 86.00 89.00 120.00 
-0.180274 -0.274236 -0.361722 19.00 20.00 48.00 
-0.126638 0.109331 -0.684961 99.00 52.00 34.00 
-0.184553 -0.126590 -0.794484 109.00 74.00 72.00 
-0.169209 -0.275320 -0.410728 36.00 39.00 80.00 
-0.265581 -0.194544 -0.647124 23.00 20.00 31.00 
-0.097545 -0.275575 -0.383451 65.00 40.00 44.00 
-0.326754 -0.252585 -0.684096 186.00 115.00 123.00 
-0.217368 -0.266649 -0.572258 95.00 99.00 134.00 
-0.308667 -0.281386 -0.591861 82.00 81.00 123.00 
-0.290212 -0.036967 -0.641171 51.00 35.00 36.00 
-0.296576 -0.072199 -0.640842 60.00 49.00 55.00 
-0.205083 -0.188906 -0.706000 25.00 23.00 37.00 
-0.200846 -0.298796 -0.567988 109.00 117.00 182.00 
-0.220416 -0.146559 -0.709097 115.00 68.00 62.00 
-0.202734 -0.210052 -0.592321 84.00 89.00 173.00 
-0.222230 -0.156958 -0.674943 38.00 27.00 35.00 
-0.231973 -0.181805 -0.687549 23.00 20.00 29.00 
-0.234952 -0.134504 -0.699454 112.00 70.00 74.00 
-0.187841 -0.274950 -0.403460 29.00 36.00 64.00 
-0.239304 -0.074864 -0.668393 176.00 157.00 153.00 
-0.257423 -0.241070 -0.607528 107.00 106.00 163.00 
-0.262669 -0.099664 -0.658142 38.00 33.00 53.00 
-0.241062 -0.097618 -0.677927 36.00 32.00 55.00 
-0.261947 -0.038703 -0.669310 69.00 49.00 48.00 
-0.198171 -0.277401 -0.362272 75.00 79.00 106.00 
-0.223587 -0.276213 -0.395307 27.00 25.00 49.00 
-0.238219 -0.099439 -0.691443 44.00 42.00 63.00 
-0.223105 0.006128 -0.681427 202.00 133.00 38.00 
-0.232303 -0.160587 -0.689873 31.00 18.00 28.00 
-0.227717 -0.265712 -0.577803 81.00 84.00 117.00 
-0.241523 -0.270726 -0.385707 38.00 43.00 72.00 
-0.261430 -0.137180 -0.697083 105.00 58.00 50.00 
-0.167825 -0.280690 -0.363828 12.00 13.00 43.00 
-0.210623 -0.271365 -0.368426 26.00 19.00 52.00 
-0.218546 -0.276923 -0.355924 17.00 15.00 39.00 
0.000000 NaN 0.000000 151.00 173.00 186.00 
-0.046909 -0.103428 -0.713302 155.00 97.00 60.00 
19288173293564944000000000000000.000000 19288483987500585000000000000000.000000 309883394400237600000000000000000.000000 145.00 95.00 42.00 
-0.280636 -0.083014 -0.655274 170.00 185.00 182.00 
-0.224096 -0.194577 -0.614547 22.00 20.00 33.00 
-0.253455 -0.274239 -0.416518 35.00 32.00 61.00 
-0.237085 -0.279975 -0.355373 21.00 16.00 38.00 
-0.269904 -0.185581 -0.653723 22.00 20.00 34.00 
-0.269354 -0.295221 -0.553195 134.00 149.00 252.00 
-0.288285 -0.287092 -0.475348 27.00 93.00 127.00 
-0.206172 -0.277118 -0.400803 27.00 23.00 50.00 
-0.231678 -0.278747 -0.375844 12.00 10.00 34.00 
-0.250004 -0.283242 -0.375460 15.00 14.00 32.00 
-0.291401 -0.276468 -0.333243 18.00 16.00 29.00 
-0.344975 0.062198 -0.625893 80.00 62.00 58.00 
-0.360113 0.011533 -0.613264 65.00 50.00 45.00 
-0.359984 0.044301 -0.618485 72.00 57.00 52.00 
-0.362195 -0.301546 -0.489728 130.00 136.00 194.00 
-0.316892 -0.261109 -0.392734 31.00 29.00 53.00 
-0.368096 -0.203760 -0.727925 41.00 37.00 64.00 
-0.389148 -0.051017 -0.610253 166.00 176.00 177.00 
-0.324697 -0.231467 -0.652146 101.00 93.00 132.00 
-0.430062 -0.241720 -0.648829 15.00 13.00 26.00 
-0.446165 -0.226736 -0.637817 14.00 17.00 26.00 
-0.412982 -0.007824 -0.590552 177.00 195.00 199.00 
-0.476298 -0.152145 -0.658635 29.00 33.00 45.00 
-0.332838 -0.266420 -0.349727 24.00 26.00 41.00 
-0.283446 -0.220323 -0.635890 59.00 59.00 97.00 
-0.269891 -0.283525 -0.372809 26.00 26.00 50.00 
-0.423739 0.052512 -0.618285 185.00 199.00 202.00 
-0.398378 -0.257291 -0.490012 101.00 91.00 100.00 
-0.414141 0.116216 -0.599752 190.00 200.00 202.00 
-0.383452 -0.270983 -0.440990 131.00 138.00 208.00 
-0.422718 0.025600 -0.581455 184.00 195.00 199.00 
-0.434959 -0.034975 -0.573097 181.00 198.00 206.00 
-0.469557 -0.265162 -0.570985 107.00 116.00 195.00 
-0.432391 0.097480 -0.578498 190.00 200.00 202.00 
-0.380756 -0.283333 -0.360126 19.00 20.00 40.00 
-0.517412 -0.240698 -0.619035 85.00 90.00 148.00 
-0.326996 -0.262107 -0.648009 109.00 94.00 123.00 
-0.474870 -0.069344 -0.557178 184.00 191.00 183.00 
-0.419714 -0.249507 -0.651953 18.00 18.00 30.00 
-0.337086 -0.283899 -0.237663 74.00 53.00 58.00 
-0.333750 -0.289812 -0.293135 6.00 5.00 19.00 
-0.397701 -0.285647 -0.399048 17.00 59.00 84.00 
-0.515212 -0.234813 -0.627433 20.00 19.00 33.00 
-0.480707 -0.042636 -0.562085 193.00 206.00 214.00 
-0.537205 -0.239558 -0.618855 15.00 18.00 35.00 
-0.391001 -0.256371 -0.505499 130.00 138.00 211.00 
-0.398101 -0.299215 -0.341224 12.00 13.00 33.00 
-0.488990 0.054961 -0.558753 187.00 200.00 206.00 
-0.488805 0.119286 -0.562733 190.00 199.00 204.00 
-0.418736 -0.046346 -0.622815 179.00 193.00 196.00 
-0.410993 -0.289210 -0.336194 67.00 57.00 82.00 
0.390990 0.079682 -0.683760 119.00 106.00 89.00 
-0.476298 -0.152145 -0.658635 29.00 31.00 46.00 
-0.093615 -0.127858 -0.743444 113.00 66.00 58.00 
-0.486055 0.058333 -0.557816 130.00 178.00 218.00 
-0.122138 -0.288567 -0.526594 17.00 107.00 169.00 
-0.126095 -0.287799 -0.475245 48.00 60.00 118.00 
-0.000000 -0.000000 5306894691184010000000000000000000000.000000 157.00 186.00 194.00 
-0.096852 -0.280206 -0.525604 13.00 93.00 116.00 
-0.025717 -0.273369 -0.517359 119.00 146.00 227.00 
0.149080 -0.279641 -0.652225 127.00 152.00 192.00 
-0.088629 -0.278079 -0.500929 26.00 40.00 89.00 
-0.160939 -0.270277 -0.559002 124.00 146.00 196.00 
-0.180526 -0.264958 -0.554576 93.00 110.00 164.00 
-0.111130 -0.209150 -0.563274 95.00 113.00 197.00 
-0.128395 -0.282779 -0.613966 90.00 108.00 170.00 
0.063451 -0.275905 -0.598485 49.00 46.00 65.00 
-0.125967 -0.288380 -0.591333 84.00 103.00 169.00 
-0.033800 -0.280237 -0.528129 47.00 47.00 157.00 
-0.108077 -0.283362 -0.557340 135.00 165.00 253.00 
-0.010672 -0.291068 -0.523508 59.00 66.00 94.00 
-0.047550 -0.274117 -0.507397 19.00 22.00 103.00 
0.000000 NaN 0.000000 101.00 99.00 86.00 
0.000000 NaN 0.000000 151.00 173.00 186.00 
0.000000 NaN 0.000000 151.00 173.00 186.00 
0.000000 NaN 0.000000 151.00 173.00 186.00 
0.000000 NaN 0.000000 151.00 173.00 186.00 
0.000000 NaN 0.000000 151.00 173.00 186.00 
0.000000 NaN 0.000000 101.00 99.00 86.00 
0.000000 NaN 0.000000 101.00 99.00 86.00 
0.000000 NaN 0.000000 101.00 99.00 86.00 
0.000000 NaN 0.000000 101.00 99.00 86.00 
0.000000 NaN 0.000000 101.00 99.00 86.00 
0.000000 NaN 0.000000 101.00 99.00 86.00 
0.000000 NaN 0.000000 101.00 99.00 86.00 
0.000000 NaN 0.000000 101.00 99.00 86.00 
0.000000 NaN 0.000000 101.00 99.00 86.00 
0.000000 NaN 0.000000 101.00 99.00 86.00 
0.000000 NaN 0.000000 101.00 99.00 86.00 
0.000000 NaN 0.000000 101.00 99.00 86.00 
0.000000 NaN 0.000000 101.00 99.00 86.00 
0.000000 NaN 0.000000 101.00 99.00 86.00 
0.000000 NaN 0.000000 101.00 99.00 86.00 
0.000000 NaN 0.000000 101.00 99.00 86.00 
0.000000 NaN 0.000000 101.00 99.00 86.00 
0.000000 NaN 0.000000 101.00 99.00 86.00 
0.000000 NaN 0.000000 101.00 99.00 86.00 
0.139509 -0.272342 -0.528215 45.00 39.00 51.00 
0.000000 NaN 0.000000 101.00 99.00 86.00 
0.000000 NaN 0.000000 101.00 99.00 86.00 
0.000000 NaN 0.000000 151.00 173.00 186.00 
0.000000 NaN 0.000000 101.00 99.00 86.00 
0.000000 NaN 0.000000 101.00 99.00 86.00 
0.000000 NaN 0.000000 101.00 99.00 86.00 
0.000000 NaN 0.000000 101.00 99.00 86.00 
0.040614 -0.270189 -0.563797 31.00 36.00 65.00 
0.029694 -0.294336 -0.528816 34.00 22.00 36.00 
-0.017979 -0.269070 -0.552613 59.00 81.00 216.00 
0.142059 -0.257094 -0.650291 36.00 22.00 21.00 
-0.055092 -0.202376 -0.626446 65.00 86.00 149.00 
-0.057645 -0.230800 -0.538243 115.00 137.00 186.00 
-0.098358 -0.205881 -0.516630 86.00 111.00 193.00 
-0.002755 -0.140338 -0.741873 132.00 92.00 67.00 
0.013141 -0.148148 -0.711653 151.00 110.00 88.00 
-0.053970 -0.203170 -0.523417 152.00 180.00 254.00 
-0.070231 -0.202903 -0.603910 37.00 47.00 100.00 
0.029957 -0.268607 -0.573341 52.00 46.00 74.00 
0.031629 -0.298614 -0.590594 50.00 53.00 120.00 
-0.048110 -0.200509 -0.591105 44.00 62.00 146.00 
-0.043718 -0.205757 -0.655203 12.00 9.00 88.00 
-0.006416 -0.152914 -0.730198 34.00 28.00 42.00 
0.067754 -0.264427 -0.661510 10.00 13.00 30.00 
0.050541 -0.258499 -0.675960 10.00 25.00 46.00 
0.054644 -0.030770 -0.677568 222.00 186.00 36.00 
0.179550 -0.223857 -0.601348 29.00 30.00 35.00 
0.173626 -0.234871 -0.606000 105.00 110.00 132.00 
0.188310 -0.273376 -0.572584 99.00 99.00 101.00 
0.173957 -0.258893 -0.630476 33.00 23.00 24.00 
0.186953 -0.243324 -0.594214 63.00 59.00 86.00 
0.221515 -0.274507 -0.565183 31.00 39.00 50.00 
0.277385 -0.286024 -0.618445 16.00 20.00 47.00 
0.265539 -0.280301 -0.839362 17.00 17.00 17.00 
0.222621 -0.186184 -0.650609 7.00 8.00 12.00 
0.214795 -0.267827 -0.587954 40.00 29.00 35.00 
0.288823 -0.275958 -0.618107 30.00 34.00 69.00 
0.293420 -0.228550 -0.574119 16.00 14.00 25.00 
0.281601 -0.257676 -0.574766 31.00 29.00 66.00 
0.279550 -0.255698 -0.621064 41.00 44.00 75.00 
0.239411 0.029137 -0.689229 229.00 207.00 61.00 
0.237231 -0.029444 -0.689816 206.00 157.00 55.00 
0.226122 -0.122809 -0.678865 13.00 16.00 23.00 
0.237708 0.002805 -0.689936 122.00 77.00 38.00 
0.248209 -0.130219 -0.680561 45.00 49.00 86.00 
0.217688 -0.276064 -0.574324 28.00 42.00 69.00 
0.226455 -0.083100 -0.680619 30.00 35.00 54.00 
0.254132 0.015968 -0.689458 185.00 156.00 54.00 
0.260023 -0.086423 -0.691689 23.00 29.00 45.00 
0.331953 -0.114805 -0.690504 16.00 17.00 19.00 
0.275379 0.000463 -0.693977 186.00 143.00 51.00 
0.317994 -0.212779 -0.606910 23.00 22.00 40.00 
0.350449 -0.116841 -0.677663 57.00 89.00 172.00 
0.282184 0.012166 -0.690478 210.00 172.00 73.00 
0.256359 -0.120463 -0.684076 21.00 25.00 36.00 
0.300430 -0.213194 -0.593129 35.00 35.00 73.00 
0.308488 -0.042333 -0.699847 60.00 57.00 76.00 
0.380677 0.081178 -0.702768 230.00 196.00 159.00 
0.301882 -0.200896 -0.554309 40.00 31.00 34.00 
0.372874 0.113286 -0.727806 212.00 181.00 150.00 
0.254870 0.003449 -0.687964 157.00 110.00 40.00 
0.225816 0.025905 -0.688945 227.00 207.00 60.00 
0.380220 -0.111723 -0.689948 116.00 96.00 69.00 
0.376952 -0.109687 -0.715659 105.00 73.00 35.00 
0.382190 -0.134429 -0.733756 16.00 16.00 26.00 
0.313330 -0.049843 -0.700251 61.00 56.00 76.00 
0.375137 0.038127 -0.723845 84.00 75.00 70.00 
0.369259 -0.049527 -0.732011 77.00 64.00 84.00 
0.335261 -0.123537 -0.683866 23.00 22.00 27.00 
0.374015 -0.112483 -0.734808 70.00 34.00 34.00 
0.375331 -0.018050 -0.740532 69.00 60.00 89.00 
0.338312 -0.118610 -0.702360 19.00 18.00 24.00 
0.306957 -0.210007 -0.540643 115.00 49.00 17.00 
0.339440 -0.210324 -0.605213 5.00 10.00 29.00 
0.295113 -0.208952 -0.563697 29.00 29.00 55.00 
0.370310 0.104513 -0.734569 107.00 97.00 70.00 
0.387620 0.047529 -0.665470 150.00 128.00 105.00 
0.404154 -0.108414 -0.634725 13.00 19.00 51.00 
0.402252 -0.096069 -0.648506 60.00 49.00 66.00 
0.401666 -0.133845 -0.643694 91.00 85.00 69.00 
0.399583 -0.177098 -0.624666 14.00 14.00 22.00 
0.407719 -0.214092 -0.634757 28.00 18.00 17.00 
0.383049 -0.058045 -0.703181 194.00 247.00 255.00 
0.365897 0.078580 -0.737226 111.00 100.00 68.00 
0.330684 -0.119842 -0.725689 18.00 17.00 23.00 
0.303602 -0.061187 -0.698111 113.00 141.00 181.00 
0.298929 -0.214123 -0.585890 6.00 8.00 21.00 
0.383490 -0.090326 -0.705149 143.00 105.00 94.00 
0.386526 0.035627 -0.689328 120.00 99.00 80.00 
0.381101 0.018118 -0.693193 137.00 112.00 107.00 
0.383672 -0.026488 -0.689430 51.00 52.00 83.00 
0.373456 0.102071 -0.713649 126.00 117.00 84.00 
0.376722 0.003574 -0.704885 175.00 141.00 106.00 
0.373138 -0.009668 -0.722730 131.00 97.00 70.00 
0.389430 0.006629 -0.672185 121.00 95.00 70.00 
0.396364 -0.073341 -0.659013 178.00 137.00 107.00 
0.382971 0.050811 -0.685639 148.00 132.00 107.00 
0.392591 -0.091833 -0.653482 120.00 84.00 68.00 
0.388022 -0.071744 -0.663572 129.00 123.00 109.00 
0.387422 -0.103594 -0.654406 24.00 22.00 36.00 
0.392489 -0.124895 -0.628534 129.00 110.00 80.00 
0.402985 -0.065898 -0.626041 121.00 103.00 81.00 
0.397889 0.030776 -0.649920 141.00 121.00 97.00 
0.410289 -0.194262 -0.599119 93.00 84.00 69.00 
0.390153 0.120455 -0.669837 233.00 201.00 186.00 
0.403698 -0.132781 -0.619028 116.00 105.00 85.00 
0.392745 0.007268 -0.646004 115.00 85.00 74.00 
0.381618 0.083945 -0.659257 173.00 148.00 118.00 
0.396922 -0.001752 -0.651450 63.00 50.00 60.00 
0.327650 -0.193127 -0.535555 14.00 14.00 26.00 
0.386711 0.109264 -0.680560 207.00 183.00 157.00 
0.391779 0.074929 -0.679834 23.00 24.00 42.00 
0.284083 -0.009904 -0.695762 121.00 86.00 56.00 
0.364437 -0.183576 -0.496557 42.00 39.00 46.00 
0.406612 0.050049 -0.597546 145.00 129.00 113.00 
0.415458 -0.001251 -0.598329 144.00 127.00 117.00 
0.406427 0.100295 -0.616532 159.00 137.00 114.00 
0.407741 -0.016979 -0.603608 144.00 129.00 110.00 
0.414018 -0.135829 -0.608058 88.00 82.00 66.00 
0.401529 -0.030017 -0.640577 138.00 126.00 104.00 
0.369224 0.064907 -0.739993 108.00 94.00 67.00 
0.221107 -0.192916 -0.685422 12.00 12.00 24.00 
0.271755 0.001359 -0.695153 222.00 185.00 70.00 
0.260441 -0.097466 -0.633804 16.00 23.00 33.00 
0.401322 -0.023629 -0.649368 149.00 118.00 100.00 
0.391102 0.098169 -0.648229 219.00 193.00 170.00 
0.382066 -0.098150 -0.672593 116.00 97.00 90.00 
0.251079 -0.188807 -0.617793 16.00 15.00 29.00 
0.410128 -0.099961 -0.591402 124.00 111.00 94.00 
0.415820 -0.111961 -0.602648 27.00 33.00 57.00 
0.414468 0.065509 -0.593909 148.00 133.00 114.00 
0.418283 -0.090770 -0.562598 132.00 114.00 110.00 
0.415198 0.027899 -0.591773 138.00 120.00 98.00 
0.410720 -0.007195 -0.580864 138.00 121.00 111.00 
0.406196 -0.092276 -0.607836 69.00 63.00 65.00 
0.390888 -0.222092 -0.608489 135.00 61.00 32.00 
0.295459 -0.245250 -0.498720 16.00 22.00 58.00 
0.396957 0.028991 -0.637591 118.00 84.00 75.00 
0.293039 -0.183075 -0.628975 79.00 41.00 90.00 
0.399408 -0.017241 -0.615698 139.00 126.00 109.00 
0.403848 -0.037734 -0.619367 116.00 103.00 97.00 
0.379140 0.064313 -0.705982 38.00 31.00 38.00 
0.394658 0.080410 -0.602331 174.00 155.00 138.00 
0.276846 -0.253786 -0.530660 28.00 30.00 68.00 
0.389352 0.071044 -0.679941 184.00 160.00 136.00 
0.306585 -0.004640 -0.707460 177.00 130.00 74.00 
0.368648 0.044828 -0.759288 64.00 59.00 53.00 
0.418760 0.003908 -0.562820 54.00 56.00 69.00 
0.415910 0.123972 -0.586716 154.00 136.00 124.00 
0.424517 -0.117017 -0.544853 119.00 106.00 90.00 
0.363979 -0.191765 -0.471208 11.00 18.00 44.00 
0.414960 0.057815 -0.576602 155.00 138.00 131.00 
0.413909 -0.037955 -0.553795 71.00 71.00 79.00 
0.413487 0.068038 -0.581495 151.00 136.00 115.00 
0.317345 -0.183285 -0.484598 48.00 45.00 100.00 
0.442088 -0.090466 -0.504867 122.00 108.00 97.00 
0.445013 -0.122543 -0.501568 111.00 95.00 79.00 
0.374728 -0.157732 -0.447485 37.00 50.00 92.00 
0.419806 0.062614 -0.568589 57.00 57.00 69.00 
0.306450 -0.251925 -0.480192 55.00 48.00 66.00 
0.431278 -0.113041 -0.518777 81.00 67.00 90.00 
0.428244 -0.099100 -0.533498 127.00 119.00 117.00 
0.414958 0.026012 -0.559574 121.00 110.00 106.00 
0.386510 0.127274 -0.680089 251.00 222.00 206.00 
0.432314 -0.097055 -0.520024 118.00 101.00 94.00 
0.434021 -0.107303 -0.523154 126.00 109.00 99.00 
0.406997 -0.194539 -0.569218 10.00 12.00 25.00 
0.403486 0.131991 -0.629803 187.00 170.00 160.00 
0.409636 -0.201847 -0.565460 150.00 72.00 50.00 
0.387326 -0.179126 -0.447413 7.00 6.00 22.00 
0.437400 -0.127226 -0.499828 121.00 111.00 86.00 
0.411583 0.136875 -0.612491 183.00 166.00 159.00 
0.279127 -0.160029 -0.641825 20.00 18.00 31.00 
0.260793 -0.177019 -0.619268 13.00 13.00 21.00 
0.331960 -0.176821 -0.500298 26.00 19.00 27.00 
0.404592 0.014818 -0.622265 134.00 114.00 103.00 
0.318062 -0.185735 -0.490539 44.00 38.00 84.00 
0.402319 0.061452 -0.647013 153.00 135.00 123.00 
0.299073 -0.247220 -0.481258 6.00 4.00 15.00 
0.295458 -0.253204 -0.532717 64.00 62.00 111.00 
0.261212 -0.245152 -0.530370 42.00 46.00 75.00 
0.359156 -0.187575 -0.479590 15.00 15.00 25.00 
0.423408 -0.045188 -0.476533 24.00 25.00 46.00 
0.420542 -0.215444 -0.451686 46.00 49.00 68.00 
0.374243 -0.000186 -0.427622 13.00 16.00 35.00 
0.399184 -0.034985 -0.467887 126.00 116.00 114.00 
0.377845 -0.171686 -0.452726 16.00 23.00 52.00 
0.406355 0.144150 -0.586413 173.00 155.00 151.00 
0.421428 0.081991 -0.605820 153.00 131.00 117.00 
0.383439 -0.191564 -0.515361 48.00 36.00 40.00 
0.408069 0.044949 -0.587718 142.00 124.00 112.00 
0.340159 -0.119507 -0.649841 14.00 14.00 24.00 
0.363576 -0.115266 -0.764597 78.00 131.00 235.00 
0.322097 -0.033289 -0.693813 137.00 100.00 74.00 
0.326059 0.092275 -0.726912 183.00 143.00 84.00 
0.297960 0.019308 -0.673185 191.00 163.00 80.00 
0.379949 -0.120000 -0.708177 34.00 27.00 43.00 
0.347004 -0.145114 -0.622208 28.00 30.00 53.00 
0.363293 0.112039 -0.745191 128.00 123.00 83.00 
0.385436 -0.009322 -0.698727 75.00 60.00 83.00 
0.386085 -0.075840 -0.686358 66.00 55.00 72.00 
0.441297 -0.122045 -0.468429 77.00 73.00 90.00 
0.416268 -0.119115 -0.555569 17.00 15.00 28.00 
0.329791 -0.249001 -0.477858 20.00 16.00 39.00 
0.369514 0.170821 -0.734318 137.00 129.00 92.00 
0.359029 0.098369 -0.749518 131.00 127.00 82.00 
0.426094 -0.201515 -0.640920 41.00 43.00 58.00 
0.359384 -0.182736 -0.481610 17.00 32.00 71.00 
0.420367 -0.220425 -0.421011 106.00 93.00 74.00 
0.402955 -0.199773 -0.452160 22.00 26.00 51.00 
0.438170 -0.121586 -0.502782 79.00 75.00 92.00 
0.353213 -0.189422 -0.522313 44.00 32.00 42.00 
0.394874 0.076461 -0.647129 41.00 39.00 53.00 
0.386856 0.116341 -0.716152 165.00 142.00 108.00 
0.327994 -0.188148 -0.601907 8.00 9.00 55.00 
0.296562 -0.221892 -0.542436 17.00 27.00 63.00 
0.365566 0.197234 -0.727364 125.00 121.00 86.00 
0.364242 -0.091820 -0.784211 180.00 135.00 116.00 
0.401184 -0.234762 -0.443369 36.00 48.00 98.00 
0.447911 -0.061695 -0.461751 151.00 136.00 129.00 
0.386821 -0.218437 -0.440922 14.00 13.00 44.00 
0.443283 -0.100023 -0.473990 8.00 12.00 24.00 
0.341716 -0.239834 -0.450213 185.00 118.00 112.00 
0.316157 -0.243798 -0.474740 77.00 67.00 117.00 
0.390289 0.106957 -0.679007 121.00 113.00 90.00 
0.396547 0.204978 -0.709213 255.00 255.00 253.00 
0.383470 0.069389 -0.716284 130.00 114.00 91.00 
0.397966 0.050450 -0.648479 51.00 43.00 56.00 
0.385528 0.175022 -0.735419 138.00 128.00 92.00 
0.384808 -0.221645 -0.399101 20.00 21.00 49.00 
0.383883 -0.231847 -0.436889 41.00 31.00 68.00 
0.387598 -0.207029 -0.458335 19.00 19.00 31.00 
0.425228 -0.077595 -0.545762 121.00 111.00 110.00 
0.416745 -0.031051 -0.458385 147.00 133.00 130.00 
0.412522 -0.185118 -0.626576 16.00 23.00 39.00 
0.356901 -0.111519 -0.627267 50.00 63.00 108.00 
0.457076 -0.142055 -0.395983 60.00 60.00 86.00 
0.433265 -0.247372 -0.418579 48.00 74.00 123.00 
0.366791 -0.178769 -0.509041 176.00 103.00 88.00 
0.375439 -0.112527 -0.688237 126.00 105.00 78.00 
0.475873 -0.181870 -0.322852 107.00 103.00 120.00 
0.473546 -0.119102 -0.341011 126.00 117.00 120.00 
0.469681 -0.199755 -0.338698 115.00 102.00 93.00 
0.405774 -0.231864 -0.390636 45.00 57.00 109.00 
0.425823 -0.123467 -0.537380 21.00 31.00 58.00 
0.373071 -0.148963 -0.443187 148.00 81.00 75.00 
0.333414 -0.227534 -0.411598 32.00 41.00 84.00 
0.342425 -0.113486 -0.715152 18.00 41.00 95.00 
0.473075 -0.160695 -0.356260 142.00 134.00 149.00 
0.482118 -0.148230 -0.312142 17.00 33.00 82.00 
0.481050 -0.118021 -0.318743 16.00 37.00 92.00 
0.473078 -0.266936 -0.386342 125.00 113.00 115.00 
0.415143 -0.241976 -0.376630 110.00 99.00 81.00 
0.444992 -0.248032 -0.443354 18.00 16.00 38.00 
0.426095 -0.104722 -0.554872 110.00 100.00 108.00 
0.426338 -0.228208 -0.443334 44.00 50.00 102.00 
0.281364 -0.231473 -0.516579 82.00 77.00 81.00 
0.242178 -0.707418 -0.614687 49.00 55.00 77.00 
0.009709 -0.289619 -0.543962 80.00 83.00 124.00 
0.174832 -0.243956 -0.599655 43.00 28.00 31.00 
0.358640 -0.184428 -0.481611 36.00 34.00 58.00 
0.056523 -0.024164 -0.694352 148.00 82.00 21.00 
0.393198 0.204415 -0.711438 116.00 105.00 87.00 
0.388847 -0.198187 -0.456140 23.00 30.00 59.00 
0.473546 -0.119102 -0.341011 127.00 117.00 125.00 
0.425765 -0.123693 -0.537663 22.00 25.00 56.00 
0.336825 -0.227622 -0.414665 27.00 32.00 88.00 
0.482118 -0.148230 -0.312142 17.00 33.00 85.00 
0.473078 -0.266936 -0.386342 126.00 115.00 119.00 
0.426433 -0.229281 -0.444239 51.00 58.00 102.00 
0.373987 -0.191662 -0.601692 117.00 106.00 88.00 
0.476046 -0.240709 -0.345236 123.00 108.00 111.00 
0.397077 -0.239739 -0.377196 88.00 73.00 50.00 
0.482467 -0.252559 -0.339768 131.00 125.00 137.00 
0.381985 -0.251159 -0.363904 5.00 57.00 228.00 
0.454653 -0.152855 -0.402544 110.00 99.00 93.00 
0.332195 -0.233891 -0.366086 14.00 13.00 18.00 
0.412505 -0.184765 -0.513472 65.00 55.00 79.00 
0.366579 -0.259945 -0.362292 102.00 93.00 76.00 
0.351818 -0.233771 -0.389672 71.00 68.00 159.00 
0.426413 -0.344329 -0.400127 99.00 93.00 81.00 
0.330891 -0.721735 -0.779083 140.00 146.00 112.00 
0.239712 -0.099924 -0.736324 137.00 112.00 71.00 
0.427427 -0.335192 -0.395108 108.00 118.00 119.00 
0.245334 -0.709493 -0.619688 81.00 106.00 147.00 
0.213268 -0.731825 -0.712547 136.00 191.00 248.00 
0.365331 -0.090636 -0.785199 36.00 50.00 87.00 
0.395457 0.204757 -0.713308 123.00 111.00 89.00 
0.472699 -0.197148 -0.340436 125.00 113.00 125.00 
-0.054340 -0.156856 -0.693022 29.00 25.00 40.00 
0.476046 -0.240709 -0.345236 121.00 109.00 109.00 
0.445017 -0.248245 -0.446131 36.00 42.00 78.00 
0.426338 -0.228208 -0.443334 45.00 55.00 108.00 
0.412505 -0.184765 -0.513472 48.00 43.00 73.00 
0.300888 -0.256804 -0.354517 58.00 115.00 196.00 
0.356193 -0.204080 -0.395122 72.00 83.00 139.00 
0.490746 -0.273294 -0.286375 101.00 81.00 74.00 
0.486145 -0.334153 -0.302268 83.00 66.00 56.00 
0.487642 -0.314267 -0.325166 118.00 112.00 122.00 
0.387444 -0.327715 -0.380046 19.00 26.00 54.00 
0.289413 -0.276546 -0.356873 12.00 10.00 21.00 
0.522781 -0.249150 -0.153978 7.00 34.00 163.00 
0.428978 0.011392 -0.228082 7.00 14.00 60.00 
0.426709 -0.202300 -0.487056 114.00 99.00 78.00 
0.444436 -0.189305 -0.459895 129.00 116.00 107.00 
0.495503 -0.353587 -0.277679 102.00 88.00 75.00 
0.377140 0.158492 -0.730420 255.00 255.00 251.00 
0.278575 -0.247465 -0.459454 27.00 33.00 59.00 
0.497152 -0.353484 -0.279452 127.00 116.00 112.00 
0.377666 -0.185006 -0.586197 44.00 71.00 152.00 
0.419403 -0.089676 -0.564034 139.00 125.00 125.00 
0.438571 -0.123639 -0.502178 155.00 148.00 155.00 
0.379312 -0.171179 -0.453750 50.00 71.00 114.00 
0.386640 0.121172 -0.724454 109.00 89.00 78.00 
0.365270 -0.089803 -0.784674 88.00 110.00 167.00 
0.318470 -0.242906 -0.476457 19.00 28.00 87.00 
0.397217 0.205614 -0.710064 253.00 255.00 252.00 
0.389888 -0.203816 -0.459548 11.00 15.00 40.00 
0.413723 -0.181420 -0.630207 22.00 19.00 38.00 
0.471543 -0.197552 -0.339276 114.00 100.00 117.00 
0.336470 -0.225601 -0.411569 31.00 50.00 118.00 
0.417959 -0.237358 -0.379951 6.00 11.00 31.00 
0.445690 -0.247545 -0.443975 14.00 21.00 49.00 
0.455896 -0.150166 -0.400467 134.00 121.00 130.00 
0.352420 -0.232218 -0.388012 75.00 109.00 216.00 
0.336050 -0.230502 -0.368999 95.00 130.00 198.00 
0.424543 -0.326931 -0.385867 30.00 40.00 67.00 
0.445526 -0.185279 -0.460074 128.00 119.00 124.00 
0.487870 -0.332673 -0.303610 129.00 118.00 116.00 
0.279195 -0.237485 -0.446622 13.00 20.00 48.00 
0.498254 -0.232735 -0.235013 96.00 88.00 77.00 
0.488180 -0.361276 -0.316524 84.00 70.00 59.00 
0.446342 -0.461159 -0.440373 109.00 96.00 80.00 
0.447631 -0.435799 -0.455722 124.00 115.00 106.00 
0.412229 -0.587941 -0.565305 15.00 17.00 32.00 
0.270474 -0.284682 -0.357293 12.00 13.00 18.00 
0.256000 -0.240068 -0.363875 50.00 63.00 118.00 
0.252892 -0.256127 -0.346149 20.00 20.00 54.00 
0.252264 -0.284808 -0.357134 24.00 22.00 33.00 
0.241215 -0.283741 -0.344191 63.00 46.00 78.00 
0.243040 -0.269466 -0.358388 47.00 53.00 115.00 
0.392398 -0.026047 -0.469400 16.00 21.00 43.00 
0.384240 -0.634054 -0.635148 139.00 150.00 134.00 
0.507954 -0.298157 -0.203891 83.00 63.00 134.00 
0.266991 -0.251909 -0.429151 30.00 34.00 61.00 
0.393762 -0.601355 -0.563826 107.00 117.00 109.00 
0.372492 -0.614338 -0.651160 107.00 111.00 88.00 
0.283465 -0.253234 -0.505369 15.00 17.00 30.00 
0.424737 -0.039558 -0.473194 8.00 10.00 22.00 
0.423862 -0.074222 -0.544671 14.00 20.00 32.00 
0.312174 -0.239686 -0.503186 26.00 25.00 39.00 
0.264953 -0.256752 -0.486447 189.00 138.00 143.00 
0.483943 -0.500597 -0.332903 97.00 85.00 69.00 
0.267828 -0.618250 -0.630964 2.00 7.00 26.00 
0.235995 -0.687570 -0.681658 10.00 15.00 37.00 
0.244182 -0.248039 -0.368343 35.00 41.00 135.00 
0.473396 -0.442842 -0.316689 116.00 103.00 86.00 
0.431450 -0.492494 -0.405444 88.00 75.00 56.00 
0.438680 -0.576648 -0.497089 96.00 88.00 67.00 
0.431430 -0.611546 -0.511696 52.00 52.00 50.00 
0.410905 -0.544828 -0.482878 106.00 107.00 91.00 
0.259152 -0.728310 -0.637228 187.00 173.00 190.00 
0.296924 -0.200470 -0.609875 107.00 99.00 78.00 
0.477519 -0.543398 -0.345939 96.00 91.00 71.00 
0.409602 -0.628908 -0.516577 46.00 45.00 53.00 
0.373540 -0.611894 -0.500631 104.00 144.00 195.00 
0.339491 -0.575763 -0.532202 108.00 117.00 100.00 
0.305434 -0.645568 -0.560656 110.00 110.00 86.00 
0.281840 -0.627565 -0.568942 63.00 133.00 218.00 
0.209444 -0.722677 -0.701889 99.00 127.00 174.00 
0.309043 -0.197977 -0.507840 109.00 99.00 72.00 
0.342242 -0.191879 -0.482513 112.00 101.00 81.00 
0.252695 -0.260604 -0.512065 46.00 41.00 63.00 
0.314280 -0.244873 -0.387858 31.00 38.00 90.00 
0.385141 -0.388029 -0.481221 27.00 34.00 42.00 
0.306167 -0.032996 -0.693210 163.00 128.00 88.00 
0.361196 -0.120395 -0.619211 133.00 117.00 94.00 
0.324664 -0.183881 -0.511216 104.00 93.00 65.00 
0.356083 -0.644025 -0.487098 17.00 17.00 29.00 
0.213985 -0.269282 -0.386573 93.00 114.00 161.00 
0.228273 -0.255638 -0.529216 13.00 13.00 21.00 
0.229516 -0.165824 -0.612548 30.00 45.00 84.00 
0.302190 -0.267505 -0.639573 18.00 23.00 42.00 
0.000000 NaN 0.000000 128.00 98.00 70.00 
0.423407 -0.609987 -0.421542 101.00 97.00 70.00 
0.330856 -0.616192 -0.432340 141.00 180.00 213.00 
0.280417 -0.256576 -0.418210 27.00 32.00 61.00 
0.265149 -0.696097 -0.559608 109.00 153.00 224.00 
0.212595 -0.016022 -0.690577 107.00 79.00 67.00 
0.000000 NaN 0.000000 128.00 98.00 70.00 
0.330252 -0.724013 -0.781299 135.00 138.00 107.00 
0.259311 -0.751033 -0.548972 106.00 110.00 173.00 
0.171510 -0.246299 -0.410231 26.00 39.00 74.00 
0.394759 -0.562436 -0.696776 99.00 101.00 77.00 
0.292305 -0.659770 -0.647353 153.00 152.00 122.00 
0.285759 -0.659884 -0.627692 132.00 133.00 102.00 
0.313586 -0.194828 -0.652048 115.00 105.00 80.00 
0.174815 -0.240575 -0.588427 19.00 13.00 13.00 
0.214912 -0.282998 -0.367230 18.00 16.00 27.00 
0.119763 -0.275121 -0.556299 76.00 44.00 59.00 
0.291478 -0.680619 -0.814005 150.00 152.00 112.00 
0.140239 -0.268333 -0.506531 88.00 71.00 87.00 
0.140889 -0.290573 -0.454905 127.00 113.00 112.00 
0.121885 -0.230761 -0.686010 46.00 37.00 38.00 
0.239712 -0.099924 -0.736324 136.00 107.00 67.00 
0.252090 -0.679219 -0.623816 122.00 123.00 127.00 
0.106861 -0.272213 -0.593412 59.00 38.00 37.00 
0.196319 -0.233519 -0.615422 80.00 40.00 28.00 
0.100848 -0.290917 -0.332476 75.00 45.00 43.00 
0.178541 -0.058010 -0.697088 155.00 180.00 187.00 
0.065329 -0.276844 -0.360990 43.00 28.00 121.00 
0.305434 -0.645568 -0.560656 106.00 112.00 86.00 
0.141775 -0.276092 -0.544414 70.00 90.00 123.00 
0.112535 -0.287201 -0.652099 59.00 54.00 61.00 
0.098528 -0.293822 -0.343082 68.00 47.00 56.00 
0.177759 -0.055466 -0.688606 167.00 212.00 235.00 
0.061063 -0.219272 -0.606933 159.00 127.00 138.00 
0.155560 -0.263570 -0.680771 41.00 42.00 62.00 
0.057962 -0.024713 -0.685665 234.00 168.00 30.00 
0.242988 -0.792355 -0.577939 24.00 29.00 87.00 
0.087179 -0.297414 -0.592397 36.00 57.00 88.00 
0.130100 -0.048850 -0.713712 105.00 61.00 32.00 
0.063485 -0.294587 -0.344640 60.00 42.00 54.00 
0.014728 -0.281543 -0.514852 182.00 186.00 195.00 
0.067944 -0.269549 -0.386865 55.00 36.00 42.00 
0.000000 NaN 0.000000 128.00 98.00 70.00 
0.000000 NaN 0.000000 128.00 98.00 70.00 
0.000000 NaN 0.000000 128.00 98.00 70.00 
0.000000 NaN 0.000000 128.00 98.00 70.00 
0.000000 NaN 0.000000 128.00 98.00 70.00 
0.000000 NaN 0.000000 128.00 98.00 70.00 
0.000000 NaN 0.000000 128.00 98.00 70.00 
0.000000 NaN 0.000000 128.00 98.00 70.00 
0.000000 NaN 0.000000 128.00 98.00 70.00 
0.000000 NaN 0.000000 128.00 98.00 70.00 
0.000000 NaN 0.000000 128.00 98.00 70.00 
0.000000 NaN 0.000000 128.00 98.00 70.00 
0.000000 NaN 0.000000 128.00 98.00 70.00 
0.000000 NaN 0.000000 128.00 98.00 70.00 
0.000000 NaN 0.000000 128.00 98.00 70.00 
0.000000 NaN 0.000000 128.00 98.00 70.00 
0.000000 NaN 0.000000 128.00 98.00 70.00 
0.000000 NaN 0.000000 128.00 98.00 70.00 
0.000000 NaN 0.000000 128.00 98.00 70.00 
0.000000 NaN 0.000000 128.00 98.00 70.00 
0.000000 NaN 0.000000 128.00 98.00 70.00 
0.000000 NaN 0.000000 128.00 98.00 70.00 
0.000000 NaN 0.000000 128.00 98.00 70.00 
0.000000 NaN 0.000000 128.00 98.00 70.00 
0.000000 NaN 0.000000 128.00 98.00 70.00 
0.000000 NaN 0.000000 128.00 98.00 70.00 
0.000000 NaN 0.000000 128.00 98.00 70.00 
0.000000 NaN 0.000000 128.00 98.00 70.00 
0.000000 NaN 0.000000 128.00 98.00 70.00 
0.000000 NaN 0.000000 128.00 98.00 70.00 
0.000000 NaN 0.000000 128.00 98.00 70.00 
0.000000 NaN 0.000000 128.00 98.00 70.00 
0.000000 NaN 0.000000 128.00 98.00 70.00 
0.000000 NaN 0.000000 128.00 98.00 70.00 
0.000000 NaN 0.000000 128.00 98.00 70.00 
0.000000 NaN 0.000000 128.00 98.00 70.00 
0.000000 NaN 0.000000 128.00 98.00 70.00 
0.000000 NaN 0.000000 128.00 98.00 70.00 
0.000000 NaN 0.000000 128.00 98.00 70.00 
0.000000 NaN 0.000000 128.00 98.00 70.00 
0.000000 NaN 0.000000 128.00 98.00 70.00 
0.000000 NaN 0.000000 128.00 98.00 70.00 
0.000000 NaN 0.000000 128.00 98.00 70.00 
0.000000 NaN 0.000000 128.00 98.00 70.00 
0.000000 NaN 0.000000 128.00 98.00 70.00 
0.000000 NaN 0.000000 128.00 98.00 70.00 
0.000000 NaN 0.000000 128.00 98.00 70.00 
0.000000 NaN 0.000000 128.00 98.00 70.00 
0.000000 NaN 0.000000 128.00 98.00 70.00 
0.000000 NaN 0.000000 128.00 98.00 70.00 
0.000000 NaN 0.000000 128.00 98.00 70.00 
0.000000 NaN 0.000000 128.00 98.00 70.00 
0.000000 NaN 0.000000 128.00 98.00 70.00 
0.000000 NaN 0.000000 128.00 98.00 70.00 
0.000000 NaN 0.000000 128.00 98.00 70.00 
0.000000 NaN 0.000000 128.00 98.00 70.00 
0.000000 NaN 0.000000 128.00 98.00 70.00 
0.000000 NaN 0.000000 128.00 98.00 70.00 
0.000000 NaN 0.000000 128.00 98.00 70.00 
0.000000 NaN 0.000000 128.00 98.00 70.00 
0.000000 NaN 0.000000 128.00 98.00 70.00 
0.000000 NaN 0.000000 128.00 98.00 70.00 
0.000000 NaN 0.000000 128.00 98.00 70.00 
0.000000 NaN 0.000000 128.00 98.00 70.00 
0.000000 NaN 0.000000 128.00 98.00 70.00 
0.000000 NaN 0.000000 128.00 98.00 70.00 
0.000000 NaN 0.000000 128.00 98.00 70.00 
0.000000 NaN 0.000000 127.00 103.00 77.00 
0.000000 NaN 0.000000 127.00 103.00 77.00 
0.000000 NaN 0.000000 127.00 103.00 77.00 
0.000000 NaN 0.000000 127.00 103.00 77.00 
0.000000 NaN 0.000000 127.00 103.00 77.00 
0.000000 NaN 0.000000 127.00 103.00 77.00 
-0.000000 -0.000000 0.000000 44.00 45.00 65.00 
-0.098296 -0.045492 -0.630006 193.00 197.00 198.00 
0.000000 NaN 0.000000 128.00 98.00 70.00 
0.000000 NaN 0.000000 128.00 98.00 70.00 
0.000000 NaN 0.000000 128.00 98.00 70.00 
0.000000 NaN 0.000000 128.00 98.00 70.00 
0.000000 NaN 0.000000 128.00 98.00 70.00 
0.000000 NaN 0.000000 128.00 98.00 70.00 
0.103147 0.018832 -0.700502 237.00 184.00 16.00 
0.098265 -0.292779 -0.335433 73.00 43.00 41.00 
0.213771 -0.173015 -0.858681 25.00 20.00 26.00 
-0.023279 0.012046 -0.672676 187.00 119.00 46.00 
0.000000 NaN 0.000000 151.00 173.00 186.00 
0.000000 NaN 0.000000 151.00 173.00 186.00 
0.000000 NaN 0.000000 151.00 173.00 186.00 
0.000000 NaN 0.000000 151.00 173.00 186.00 
0.000000 NaN 0.000000 151.00 173.00 186.00 
0.000000 NaN 0.000000 151.00 173.00 186.00 
0.000000 NaN 0.000000 151.00 173.00 186.00 
0.000000 NaN 0.000000 151.00 173.00 186.00 
0.000000 NaN 0.000000 151.00 173.00 186.00 
0.000000 NaN 0.000000 151.00 173.00 186.00 
0.000000 NaN 0.000000 151.00 173.00 186.00 
0.000000 NaN 0.000000 151.00 173.00 186.00 
0.000000 NaN 0.000000 151.00 173.00 186.00 
0.000000 NaN 0.000000 151.00 173.00 186.00 
0.000000 NaN 0.000000 151.00 173.00 186.00 
0.000000 NaN 0.000000 151.00 173.00 186.00 
0.000000 NaN 0.000000 151.00 173.00 186.00 
0.000000 NaN 0.000000 151.00 173.00 186.00 
0.000000 NaN 0.000000 151.00 173.00 186.00 
0.046788 -0.267773 -0.546531 160.00 147.00 157.00 
0.000000 NaN 0.000000 151.00 173.00 186.00 
0.000000 NaN 0.000000 151.00 173.00 186.00 
0.000000 NaN 0.000000 151.00 173.00 186.00 
0.000000 NaN 0.000000 151.00 173.00 186.00 
0.000000 NaN 0.000000 151.00 173.00 186.00 
0.000000 NaN 0.000000 151.00 173.00 186.00 
0.000000 NaN 0.000000 151.00 173.00 186.00 
0.000000 NaN 0.000000 151.00 173.00 186.00 
0.000000 NaN 0.000000 151.00 173.00 186.00 
0.019434 -0.149705 -0.754290 42.00 28.00 28.00 
-0.043173 -0.140041 -0.732419 91.00 49.00 33.00 
0.049019 -0.242518 -0.662223 148.00 148.00 172.00 
0.187556 -0.227423 -0.632294 28.00 13.00 16.00 
-0.068056 -0.184931 -0.662438 101.00 104.00 173.00 
-0.054340 -0.156856 -0.693022 31.00 27.00 44.00 
-0.101583 -0.144659 -0.712027 47.00 39.00 60.00 
-0.234645 -0.067626 -0.670520 146.00 156.00 157.00 
-0.256355 -0.088892 -0.650682 46.00 43.00 64.00 
0.174546 -0.241247 -0.589810 24.00 17.00 24.00 
0.139330 -0.291767 -0.459942 87.00 78.00 81.00 
0.121885 -0.230761 -0.686010 55.00 45.00 44.00 
0.112350 -0.277956 -0.615678 76.00 60.00 63.00 
0.100848 -0.290917 -0.332476 75.00 46.00 48.00 
0.061764 -0.224880 -0.640534 137.00 135.00 149.00 
0.063350 -0.277939 -0.363028 52.00 32.00 101.00 
0.057962 -0.024713 -0.685665 242.00 170.00 26.00 
0.011934 -0.288252 -0.540249 68.00 79.00 111.00 
0.044504 -0.239942 -0.656469 145.00 146.00 176.00 
0.208041 -0.170729 -0.841525 23.00 18.00 14.00 
0.187556 -0.227423 -0.632294 31.00 16.00 19.00 
-0.044745 -0.139927 -0.732288 122.00 71.00 50.00 
-0.071192 -0.184873 -0.667197 74.00 78.00 141.00 
-0.054549 -0.159193 -0.706133 37.00 34.00 55.00 
-0.104387 -0.146116 -0.719243 49.00 37.00 59.00 
-0.098296 -0.045492 -0.630006 196.00 198.00 195.00 
-0.234645 -0.067626 -0.670520 154.00 159.00 162.00 
-0.093615 -0.127858 -0.743444 110.00 65.00 60.00 
-0.133447 -0.195511 -0.621877 121.00 131.00 200.00 
-0.155535 -0.272773 -0.561501 106.00 98.00 147.00 
-0.195153 -0.122588 -0.611069 42.00 34.00 57.00 
-0.145224 -0.122295 -0.783312 24.00 22.00 33.00 
-0.046909 -0.103428 -0.713302 153.00 94.00 62.00 
-0.235023 -0.125668 -0.649432 26.00 27.00 48.00 
0.252259 -0.117870 -0.836292 151.00 90.00 45.00 
0.248090 -0.704455 -0.614447 99.00 104.00 126.00 
0.174815 -0.240575 -0.588427 24.00 18.00 22.00 
0.141283 -0.292194 -0.460889 100.00 90.00 88.00 
0.111876 -0.274526 -0.604652 85.00 61.00 57.00 
0.061623 -0.220550 -0.627549 141.00 138.00 157.00 
0.065329 -0.276844 -0.360990 39.00 26.00 142.00 
0.013202 -0.286495 -0.534964 64.00 71.00 115.00 
0.045636 -0.238792 -0.652064 143.00 147.00 172.00 
0.213771 -0.173015 -0.858681 22.00 16.00 26.00 
-0.043173 -0.140041 -0.732419 88.00 45.00 38.00 
-0.069358 -0.184091 -0.661406 76.00 76.00 130.00 
-0.101583 -0.144659 -0.712027 45.00 36.00 57.00 
-0.145224 -0.122295 -0.783312 23.00 26.00 33.00 
0.002480 -0.279117 -0.551639 73.00 63.00 90.00 
-0.113332 -0.190732 -0.592856 132.00 148.00 243.00 
3369693347840.000000 NaN 0.000010 53.00 41.00 65.00 
