# Created at Wed May 28 21:37:46 GMT+09:00 2025 in Burnaby Canada 
121689834263666 -0.072046 -0.033884 0.000598 0.996825 -0.006431 -0.001262 0.001606 
121689867583666 -0.073229 -0.029974 0.000063 0.996865 -0.007059 -0.001433 0.001670 
121689900903666 -0.076085 -0.027808 -0.000231 0.996713 -0.007661 -0.001527 0.001796 
121689934918190 -0.078317 -0.025974 -0.001548 0.996589 -0.007818 -0.001238 0.002359 
121689968238190 -0.077935 -0.022585 -0.003113 0.996698 -0.008553 -0.000984 0.002928 
121690001558190 -0.076785 -0.019277 -0.004555 0.996851 -0.009324 -0.000653 0.003658 
121690035761182 -0.076224 -0.016445 -0.006168 0.996936 -0.009655 -0.000235 0.004258 
121690069081182 -0.074202 -0.014168 -0.007491 0.997114 -0.010403 0.000219 0.005064 
121690102401182 -0.071546 -0.010624 -0.008596 0.997344 -0.011293 0.000839 0.005932 
121690135721182 -0.069118 -0.005987 -0.009687 0.997543 -0.012229 0.001518 0.006886 
121690169123897 -0.066494 -0.001230 -0.010187 0.997734 -0.013418 0.002627 0.007872 
121690209069549 -0.061750 0.004214 -0.010750 0.998025 -0.014825 0.003625 0.009056 
121690242389549 -0.056756 0.005545 -0.011652 0.998305 -0.016106 0.004383 0.009985 
121690276062595 -0.050698 0.008574 -0.012642 0.998597 -0.017203 0.005335 0.010639 
121690309382595 -0.044423 0.014110 -0.013384 0.998824 -0.018531 0.006183 0.011617 
121690342702595 -0.040270 0.019016 -0.013862 0.998912 -0.019748 0.006986 0.012508 
121690375881828 -0.038508 0.022419 -0.014225 0.998905 -0.020564 0.008731 0.012739 
121690409201828 -0.037939 0.026251 -0.014274 0.998833 -0.021941 0.009697 0.013078 
121690442521828 -0.038644 0.030634 -0.013950 0.998686 -0.023418 0.010658 0.013289 
121690476856796 -0.038130 0.034853 -0.013649 0.998571 -0.024572 0.011901 0.013094 
121690511135492 -0.037600 0.039040 -0.013017 0.998445 -0.026269 0.012948 0.013119 
121690544455492 -0.037533 0.042662 -0.012562 0.998305 -0.027882 0.013946 0.013124 
121690577747014 -0.037089 0.046782 -0.012280 0.998141 -0.028825 0.015172 0.012539 
121690611067014 -0.035376 0.049628 -0.012930 0.998057 -0.030314 0.016215 0.012629 
121690644387014 -0.033282 0.052527 -0.013877 0.997968 -0.031778 0.017283 0.012767 
121690677396516 -0.032273 0.055495 -0.015028 0.997824 -0.032169 0.018374 0.013060 
121690710716516 -0.030970 0.059263 -0.016115 0.997632 -0.033578 0.019520 0.013104 
121690744036516 -0.029705 0.063108 -0.017185 0.997416 -0.035099 0.020744 0.013089 
121690777296310 -0.028628 0.068481 -0.018683 0.997067 -0.035389 0.021725 0.013435 
121690810616310 -0.027130 0.075325 -0.019050 0.996608 -0.037179 0.023172 0.013565 
121690843936310 -0.025752 0.082234 -0.018984 0.996099 -0.039190 0.024766 0.013723 
121690878103859 -0.024285 0.091122 -0.019855 0.995345 -0.039994 0.027184 0.014681 
121690911423859 -0.023242 0.100443 -0.020001 0.994470 -0.042470 0.029187 0.015018 
121690944743859 -0.022494 0.109073 -0.020245 0.993573 -0.045225 0.031327 0.015296 
121690977970307 -0.020995 0.118160 -0.021074 0.992549 -0.047135 0.033880 0.015547 
121691011290307 -0.019143 0.126628 -0.022027 0.991521 -0.050252 0.036357 0.016055 
121691044610307 -0.016912 0.135018 -0.022911 0.990434 -0.053539 0.038991 0.016686 
121691078005980 -0.013559 0.143096 -0.023795 0.989330 -0.056235 0.042101 0.017826 
121691105659024 -0.011438 0.149134 -0.024182 0.988455 -0.059199 0.044459 0.018511 
121691138979024 -0.009756 0.154739 -0.024226 0.987610 -0.062789 0.047270 0.019246 
121691172338672 -0.009381 0.159134 -0.025132 0.986892 -0.064919 0.050348 0.021041 
121691205658672 -0.011349 0.163468 -0.025099 0.986164 -0.068485 0.053023 0.021397 
121691242569217 -0.016197 0.169989 -0.025198 0.984991 -0.071173 0.056596 0.020872 
121691310167913 -0.020574 0.180340 -0.024986 0.983072 -0.077133 0.061015 0.020874 
121691343487913 -0.022007 0.185139 -0.023782 0.982178 -0.079832 0.062906 0.020860 
121691376719287 -0.024380 0.189367 -0.023280 0.981328 -0.079051 0.062952 0.021311 
121691443359287 -0.025261 0.197140 -0.022002 0.979803 -0.083024 0.065681 0.022111 
121691476595673 -0.025099 0.199370 -0.021268 0.979372 -0.083351 0.066260 0.021460 
121691541339586 -0.026022 0.203301 -0.019482 0.978577 -0.086428 0.067843 0.021957 
121691570812712 -0.026443 0.205421 -0.018613 0.978139 -0.087374 0.068345 0.021833 
121691641244886 -0.025921 0.211160 -0.017815 0.976945 -0.090446 0.069590 0.022266 
121691675447355 -0.026113 0.214607 -0.018100 0.976184 -0.090218 0.070301 0.022616 
121691707829964 -0.026444 0.216757 -0.017759 0.975706 -0.091562 0.070935 0.022798 
121691742054336 -0.026593 0.219437 -0.017419 0.975109 -0.092281 0.072300 0.023111 
121691808694336 -0.025194 0.223417 -0.016250 0.974262 -0.095040 0.073777 0.023834 
121691841076945 -0.025059 0.225673 -0.015516 0.973757 -0.096327 0.074462 0.024254 
121691874389459 -0.025102 0.228237 -0.014722 0.973171 -0.096951 0.076087 0.023999 
121691907709459 -0.024550 0.230514 -0.014343 0.972654 -0.098292 0.076859 0.024456 
121691941009228 -0.024309 0.233718 -0.013999 0.971900 -0.098648 0.078385 0.024646 
121691974329228 -0.023931 0.236362 -0.013135 0.971281 -0.100081 0.079249 0.025246 
121692007649228 -0.023478 0.239057 -0.011748 0.970650 -0.101569 0.080066 0.025905 
121692040981475 -0.023293 0.242478 -0.010230 0.969823 -0.102696 0.081169 0.026428 
121692107621475 -0.023163 0.251284 -0.006380 0.967615 -0.106302 0.082660 0.028163 
121692140941475 -0.022560 0.255642 -0.004910 0.966496 -0.108358 0.083417 0.029206 
121692174279255 -0.021929 0.262321 -0.003569 0.964725 -0.109702 0.084292 0.030549 
121692207599255 -0.022020 0.270445 -0.002045 0.962481 -0.112007 0.085007 0.031947 
121692241856646 -0.021965 0.279214 -0.000204 0.959978 -0.114507 0.085748 0.033572 
121692274303018 -0.021460 0.288476 0.001862 0.957245 -0.116400 0.086324 0.034906 
121692340943018 -0.018987 0.305288 0.005772 0.952053 -0.121377 0.088130 0.038434 
121692374218484 -0.017394 0.313601 0.007293 0.949368 -0.123318 0.088957 0.040293 
121692407538484 -0.016644 0.321576 0.008903 0.946696 -0.125780 0.089923 0.042008 
121692440858484 -0.016358 0.328853 0.010590 0.944180 -0.128162 0.090795 0.043708 
121692474147800 -0.016276 0.336559 0.012146 0.941443 -0.130241 0.091964 0.045243 
121692503675626 -0.016126 0.343250 0.013251 0.939012 -0.132194 0.092474 0.046808 
121692536995626 -0.015821 0.351107 0.014143 0.936095 -0.134354 0.092869 0.048569 
121692570312138 -0.016503 0.359875 0.014436 0.932743 -0.135823 0.093045 0.050697 
121692603632138 -0.018346 0.368368 0.014603 0.929384 -0.137854 0.093284 0.052307 
121692638869530 -0.020195 0.375746 0.014741 0.926386 -0.140037 0.093508 0.053919 
121692672191873 -0.021990 0.381620 0.015078 0.923934 -0.142810 0.094325 0.054868 
121692707386655 -0.023918 0.388114 0.015416 0.921172 -0.144950 0.094650 0.056514 
121692740832947 -0.026376 0.393340 0.017017 0.918857 -0.146496 0.093776 0.056360 
121692774152947 -0.028373 0.397775 0.018140 0.916865 -0.148486 0.094018 0.058014 
121692807472947 -0.027886 0.401875 0.018169 0.915089 -0.150440 0.094251 0.059874 
121692840872134 -0.027047 0.407935 0.018429 0.912424 -0.152130 0.094250 0.061904 
121692907490829 -0.028491 0.418746 0.020803 0.907418 -0.155571 0.094670 0.065477 
121692940810829 -0.028563 0.422867 0.021793 0.905479 -0.157029 0.094835 0.067021 
121692974103818 -0.028344 0.425770 0.023148 0.904091 -0.159655 0.094872 0.068412 
121693007423818 -0.028531 0.427563 0.023827 0.903221 -0.161061 0.094954 0.069676 
121693040743818 -0.028282 0.428908 0.024054 0.902585 -0.162297 0.095006 0.070820 
121693073972919 -0.028756 0.429075 0.024569 0.902476 -0.163133 0.094936 0.071717 
121693107292919 -0.029490 0.428387 0.025220 0.902762 -0.164164 0.094973 0.072570 
121693140612919 -0.028969 0.427966 0.025415 0.902973 -0.164807 0.095036 0.073415 
121693173900327 -0.025996 0.431117 0.023945 0.901604 -0.165587 0.095371 0.074082 
121693207220327 -0.027355 0.429346 0.024363 0.902397 -0.166306 0.095360 0.074765 
121693207220327 -0.027355 0.429346 0.024363 0.902397 -0.166306 0.095360 0.074765 TAG001 
121693240524997 -0.029181 0.429825 0.025053 0.902093 -0.166734 0.095246 0.074994 
121693273844997 -0.029009 0.432434 0.024600 0.900863 -0.167026 0.095035 0.075609 
121693307164997 -0.029667 0.432263 0.025029 0.900912 -0.167532 0.094706 0.076301 
121693340484997 -0.031052 0.433602 0.025987 0.900194 -0.167910 0.094303 0.077088 
121693373868304 -0.032455 0.436254 0.026941 0.898835 -0.168550 0.093409 0.077087 
121693407188304 -0.033979 0.439038 0.027969 0.897390 -0.169259 0.092822 0.078016 
121693440508304 -0.035330 0.442151 0.028823 0.895781 -0.170056 0.092207 0.079078 
121693473888322 -0.035979 0.445070 0.029681 0.894280 -0.170087 0.090707 0.079768 
121693507208322 -0.037234 0.448397 0.030793 0.892528 -0.171186 0.089927 0.081162 
121693540558629 -0.038897 0.452420 0.032262 0.890372 -0.170913 0.088341 0.082322 
121693573878629 -0.039802 0.455131 0.032977 0.888923 -0.172383 0.087565 0.084019 
121693607198629 -0.041197 0.458973 0.033804 0.886850 -0.173827 0.086769 0.085870 
121693640518629 -0.042875 0.464506 0.034992 0.883839 -0.174192 0.085251 0.087036 
121693673842339 -0.044943 0.469315 0.036481 0.881131 -0.175842 0.084345 0.089025 
121693707162339 -0.047014 0.473976 0.038398 0.878443 -0.177629 0.083333 0.091134 
121693740503644 -0.049960 0.479527 0.040782 0.875154 -0.179419 0.082188 0.093386 
121693773784347 -0.054296 0.486403 0.044247 0.870922 -0.180500 0.080274 0.095084 
121693807104347 -0.059146 0.491618 0.046877 0.867535 -0.182529 0.078784 0.097570 
121693840424347 -0.064745 0.498164 0.049375 0.863252 -0.184465 0.077223 0.100157 
121693873742337 -0.069882 0.505394 0.051790 0.858494 -0.186661 0.076240 0.101969 
121693907062337 -0.072647 0.511623 0.053925 0.854433 -0.188325 0.074558 0.104386 
121693940382337 -0.073920 0.517659 0.056333 0.850524 -0.189694 0.072882 0.106745 
121693973604450 -0.074364 0.525258 0.058403 0.845673 -0.190709 0.071230 0.108397 
121694006924450 -0.074040 0.531862 0.060454 0.841419 -0.191503 0.069688 0.110496 
121694040244450 -0.072674 0.537960 0.062325 0.837516 -0.192100 0.068187 0.112658 
121694073404991 -0.072301 0.544581 0.064511 0.833092 -0.192010 0.065557 0.113073 
121694106724991 -0.072953 0.549961 0.066639 0.829325 -0.192390 0.064132 0.114747 
121694140044991 -0.073908 0.553324 0.069824 0.826738 -0.192829 0.062612 0.116342 
121694173413378 -0.075390 0.555851 0.074323 0.824513 -0.193435 0.060190 0.116622 
121694206712073 -0.076599 0.557923 0.077855 0.822674 -0.193689 0.058674 0.117700 
121694240032073 -0.078051 0.560895 0.081266 0.820184 -0.193840 0.057146 0.118614 
121694273477678 -0.080731 0.565660 0.085704 0.816190 -0.193374 0.054668 0.117877 
121694306797678 -0.083944 0.570442 0.090469 0.812012 -0.193531 0.052889 0.118286 
121694340117678 -0.087480 0.576024 0.095038 0.807162 -0.193672 0.051073 0.118534 
121694373242258 -0.090663 0.582441 0.099382 0.801664 -0.192316 0.048313 0.117748 
121694406562258 -0.093447 0.585612 0.103475 0.798510 -0.192804 0.046456 0.117969 
121694439882258 -0.096310 0.587298 0.107084 0.796454 -0.193509 0.044734 0.118198 
121694473207967 -0.098737 0.589381 0.110483 0.794150 -0.192215 0.041948 0.117863 
121694506527967 -0.101289 0.589974 0.113797 0.792920 -0.193191 0.040347 0.118178 
121694539847967 -0.104421 0.590588 0.118463 0.791371 -0.194256 0.038671 0.118607 
121694573169478 -0.108306 0.594905 0.123644 0.786810 -0.193433 0.036468 0.118549 
121694606489478 -0.110978 0.599273 0.126695 0.782626 -0.193845 0.034860 0.118772 
121694639809478 -0.113016 0.603870 0.128400 0.778513 -0.194128 0.033191 0.119020 
121694673048594 -0.114704 0.608553 0.129833 0.774370 -0.193260 0.031381 0.119459 
121694706368594 -0.116313 0.612210 0.131977 0.770878 -0.193408 0.029669 0.119794 
121694739688594 -0.116861 0.615306 0.133141 0.768124 -0.193456 0.028113 0.120016 
121694772947958 -0.116686 0.616906 0.133615 0.766785 -0.191351 0.027369 0.120016 
121694806267958 -0.117231 0.616487 0.134546 0.766875 -0.191606 0.026194 0.120243 
121694839587958 -0.118906 0.615691 0.135500 0.767089 -0.191996 0.025180 0.120381 
121694872969588 -0.120180 0.614488 0.136739 0.767635 -0.190837 0.024640 0.119870 
121694906289588 -0.120915 0.613540 0.138185 0.768019 -0.191394 0.023726 0.119976 
121694939609588 -0.121397 0.613476 0.139727 0.767715 -0.192013 0.022850 0.120122 
121694972918593 -0.122087 0.613848 0.141382 0.767004 -0.190616 0.022766 0.120218 
121695006238593 -0.122747 0.614444 0.143002 0.766122 -0.191210 0.022138 0.120343 
121695039579898 -0.122950 0.614510 0.144063 0.765838 -0.192005 0.021551 0.120506 
121695072828675 -0.123614 0.614296 0.144729 0.765777 -0.191045 0.021383 0.120638 
121695106148675 -0.124331 0.614102 0.145386 0.765692 -0.191763 0.020816 0.120871 
121695139447370 -0.125220 0.614781 0.145996 0.764885 -0.192476 0.020234 0.121219 
121695172665007 -0.125250 0.616279 0.146238 0.763628 -0.190468 0.019483 0.121484 
121695205963702 -0.124048 0.618288 0.145897 0.762264 -0.190811 0.018744 0.121893 
121695239283702 -0.124046 0.617273 0.147278 0.762821 -0.191432 0.017783 0.122397 
121695272579651 -0.124874 0.617360 0.148895 0.762301 -0.191415 0.016843 0.122822 
121695272579651 -0.124874 0.617360 0.148895 0.762301 -0.191415 0.016843 0.122822 TAG001 
121695305899651 -0.125863 0.619631 0.149775 0.760121 -0.191760 0.015779 0.123368 
121695339219651 -0.127703 0.620565 0.151279 0.758753 -0.192227 0.014613 0.123845 
121695372540368 -0.129127 0.620891 0.152678 0.757964 -0.191001 0.012950 0.123933 
121695405881673 -0.130435 0.621243 0.153544 0.757277 -0.191112 0.011734 0.124352 
121695438242978 -0.131885 0.621981 0.154429 0.756239 -0.191147 0.010587 0.124711 
121695471562728 -0.133967 0.622543 0.155347 0.755222 -0.190940 0.009817 0.124521 
121695504882728 -0.135504 0.622530 0.155602 0.754906 -0.190886 0.008796 0.124610 
121695538202728 -0.136688 0.622135 0.156008 0.754934 -0.190811 0.007793 0.124689 
121695571527890 -0.138273 0.622605 0.156708 0.754113 -0.189976 0.007310 0.123847 
121695603910498 -0.140060 0.622153 0.156855 0.754126 -0.189926 0.006634 0.123533 
121695637230498 -0.140586 0.619365 0.156248 0.756445 -0.190200 0.006113 0.123186 
121695670557546 -0.139986 0.615508 0.155632 0.759824 -0.189868 0.005941 0.122341 
121695703877546 -0.138580 0.611101 0.154856 0.763787 -0.190233 0.005989 0.122130 
121695736238850 -0.136497 0.607331 0.154048 0.767324 -0.190469 0.006285 0.122108 
121695769402493 -0.133306 0.605972 0.151556 0.769453 -0.187076 0.007733 0.120452 
121695802722493 -0.129493 0.603835 0.147906 0.772488 -0.186817 0.008817 0.120268 
121695835083797 -0.125723 0.601807 0.144270 0.775376 -0.186417 0.010035 0.119981 
121695868262448 -0.122128 0.599152 0.140582 0.778677 -0.185216 0.012505 0.118887 
121695902541144 -0.117505 0.591867 0.137453 0.785489 -0.185342 0.014153 0.117912 
121695935861144 -0.113324 0.581965 0.134779 0.793920 -0.185718 0.015993 0.116505 
121695969316149 -0.110053 0.570640 0.131973 0.803021 -0.185906 0.018876 0.114581 
121696003594845 -0.106724 0.559340 0.129662 0.811749 -0.186397 0.021141 0.112817 
121696038789627 -0.103072 0.549428 0.127334 0.819324 -0.186623 0.023666 0.110995 
121696072244207 -0.098340 0.540301 0.124669 0.826355 -0.186484 0.026922 0.108731 
121696105564207 -0.094089 0.533775 0.122736 0.831365 -0.186240 0.029687 0.107225 
121696138884207 -0.090295 0.530175 0.120970 0.834342 -0.185629 0.032566 0.105869 
121696172259826 -0.086677 0.528093 0.119169 0.836303 -0.185456 0.036383 0.103852 
121696205579826 -0.083137 0.526208 0.118234 0.837982 -0.184679 0.039267 0.102699 
121696238921131 -0.078878 0.523965 0.116823 0.839995 -0.183892 0.042138 0.101673 
121696272385241 -0.074927 0.522763 0.114744 0.841391 -0.184364 0.046511 0.099470 
121696305705241 -0.070826 0.520229 0.113377 0.843499 -0.183856 0.049306 0.098179 
121696339025241 -0.067598 0.517553 0.112109 0.845577 -0.183394 0.051989 0.096816 
121696372355316 -0.065653 0.517094 0.109394 0.846367 -0.182806 0.055570 0.093180 
121696405675316 -0.063104 0.516168 0.107211 0.847404 -0.182439 0.057897 0.091581 
121696438995316 -0.059834 0.515724 0.105001 0.848188 -0.181814 0.060111 0.090054 
121696472279712 -0.058313 0.515974 0.103363 0.848343 -0.181417 0.063448 0.087432 
121696505599712 -0.054876 0.516788 0.101239 0.848333 -0.180650 0.065383 0.085514 
121696538919712 -0.053703 0.514027 0.100168 0.850211 -0.180242 0.067121 0.083364 
121696572211553 -0.054577 0.510790 0.100084 0.852114 -0.179091 0.069726 0.079378 
121696572211553 -0.054577 0.510790 0.100084 0.852114 -0.179091 0.069726 0.079378 TAG001 
121696605531553 -0.055110 0.510021 0.100327 0.852511 -0.177384 0.071276 0.076043 
121696638851553 -0.055214 0.511522 0.099814 0.851665 -0.175488 0.072910 0.072273 
121696672147505 -0.055220 0.510822 0.098853 0.852197 -0.173083 0.075306 0.066629 
121696705467505 -0.054488 0.509354 0.097702 0.853255 -0.170578 0.077421 0.061974 
121696738808810 -0.054411 0.507316 0.096518 0.854608 -0.167894 0.079714 0.056947 
121696772103265 -0.054960 0.505646 0.094333 0.855805 -0.165471 0.083137 0.050402 
121696805423265 -0.055198 0.503420 0.091550 0.857403 -0.162491 0.085830 0.044643 
121696838743265 -0.054888 0.500597 0.088729 0.859370 -0.159389 0.088582 0.038861 
121696871996838 -0.054695 0.498416 0.085446 0.860981 -0.158346 0.092145 0.030902 
121696905316838 -0.052709 0.495547 0.081738 0.863118 -0.155309 0.094823 0.025249 
121696938636838 -0.051244 0.492286 0.077813 0.865433 -0.152244 0.097453 0.019793 
121696971916232 -0.050541 0.489054 0.073342 0.867694 -0.151287 0.101244 0.012185 
121697005236232 -0.049192 0.485730 0.069609 0.869943 -0.148580 0.103525 0.006781 
121697038556232 -0.048502 0.482855 0.066891 0.871794 -0.146026 0.105548 0.001516 
121697071899973 -0.048745 0.481713 0.065096 0.872548 -0.143685 0.107355 -0.004377 
121697105219973 -0.048172 0.481314 0.063742 0.872899 -0.141309 0.108814 -0.009292 
121697138539973 -0.047441 0.482194 0.063252 0.872489 -0.139049 0.110020 -0.013921 
121697171899177 -0.047619 0.484535 0.063946 0.871131 -0.138060 0.110817 -0.019864 
121697205219177 -0.048376 0.486791 0.065552 0.869711 -0.136330 0.111608 -0.024093 
121697238539177 -0.048726 0.489178 0.066920 0.868246 -0.134755 0.112294 -0.028006 
121697271850910 -0.048558 0.491916 0.067247 0.866682 -0.133693 0.112910 -0.032106 
121697305170910 -0.048656 0.495636 0.067248 0.864555 -0.132615 0.113451 -0.035578 
121697338490910 -0.049971 0.500492 0.067188 0.861682 -0.131489 0.113960 -0.038930 
121697371823455 -0.051227 0.505692 0.066415 0.858627 -0.130866 0.114292 -0.042523 
121697405143455 -0.052587 0.510714 0.066147 0.855588 -0.129957 0.114565 -0.045834 
121697438436796 -0.054272 0.515126 0.065958 0.852848 -0.129299 0.114891 -0.049525 
121697471778101 -0.055335 0.518228 0.065588 0.850927 -0.128504 0.115019 -0.053055 
121697538418101 -0.057626 0.522286 0.065279 0.848313 -0.126762 0.115225 -0.060247 
121697571765600 -0.057668 0.525613 0.064298 0.846328 -0.125632 0.115425 -0.064142 
121697605085600 -0.056240 0.531326 0.061898 0.843029 -0.124545 0.115676 -0.067875 
121697638433907 -0.057466 0.535103 0.060982 0.840621 -0.123826 0.116435 -0.071920 
121697638433907 -0.057466 0.535103 0.060982 0.840621 -0.123826 0.116435 -0.071920 TAG001 
121697705073907 -0.057191 0.551487 0.059172 0.830115 -0.121307 0.117793 -0.079569 
121697738393907 -0.056398 0.560128 0.059383 0.824348 -0.120493 0.119006 -0.083170 
121697771705855 -0.052826 0.568563 0.058787 0.818834 -0.120463 0.120424 -0.086549 
121697805025855 -0.051059 0.580524 0.060026 0.810420 -0.119966 0.122570 -0.089560 
121697838345855 -0.050137 0.594255 0.062103 0.800306 -0.119332 0.125108 -0.092605 
121697871720879 -0.047133 0.604052 0.063284 0.793029 -0.118872 0.128205 -0.095916 
121697905040879 -0.043306 0.610442 0.063501 0.788323 -0.118966 0.131532 -0.099043 
121697938339574 -0.039965 0.614779 0.063236 0.785144 -0.119240 0.135198 -0.102249 
121697971735900 -0.037438 0.617418 0.063372 0.783184 -0.119495 0.139453 -0.106848 
121698005055900 -0.034840 0.618482 0.063266 0.782473 -0.119872 0.143572 -0.110630 
121698038397205 -0.032735 0.617941 0.062635 0.783042 -0.120259 0.147917 -0.114930 
121698071770886 -0.031944 0.617931 0.061626 0.783162 -0.119957 0.152441 -0.119945 
121698105090886 -0.031753 0.615936 0.059501 0.784904 -0.120603 0.157241 -0.125152 
121698138410886 -0.032789 0.613072 0.057499 0.787250 -0.121406 0.162191 -0.130499 
121698171770504 -0.035691 0.611790 0.055581 0.788257 -0.122133 0.167223 -0.136581 
121698205069199 -0.038340 0.608959 0.052083 0.790561 -0.122806 0.172240 -0.142517 
121698238389199 -0.041570 0.606960 0.048283 0.792174 -0.123203 0.177015 -0.148728 
121698271645056 -0.044226 0.605003 0.044195 0.793765 -0.122942 0.181965 -0.154982 
121698304986361 -0.046660 0.605047 0.041507 0.793737 -0.123033 0.186059 -0.161579 
121698338306361 -0.049564 0.606571 0.040360 0.792456 -0.122985 0.189812 -0.168471 
121698371694607 -0.052222 0.610437 0.039529 0.789353 -0.124128 0.193720 -0.176130 
121698405014607 -0.054907 0.613622 0.039268 0.786709 -0.124590 0.197052 -0.183496 
121698438334607 -0.059745 0.618432 0.040911 0.782495 -0.125125 0.200206 -0.190966 
121698471602017 -0.064697 0.624331 0.042136 0.777335 -0.125886 0.203845 -0.199325 
121698504922017 -0.067865 0.629549 0.041064 0.772901 -0.126241 0.206804 -0.206986 
121698538242017 -0.070102 0.631442 0.039307 0.771247 -0.126918 0.209652 -0.214404 
121698571547273 -0.073793 0.633533 0.039314 0.769185 -0.127435 0.212064 -0.221705 
121698604845968 -0.078479 0.634995 0.040159 0.767470 -0.128155 0.214621 -0.228724 
121698638165968 -0.082634 0.636643 0.041656 0.765586 -0.128890 0.216900 -0.235410 
121698671497343 -0.085729 0.639467 0.044507 0.762726 -0.129495 0.218626 -0.242618 
121698704817343 -0.087957 0.641405 0.048563 0.760595 -0.130371 0.220294 -0.249160 
121698738114018 -0.089770 0.643116 0.052075 0.758704 -0.131581 0.221903 -0.255843 
121698771434018 -0.091609 0.644567 0.054945 0.757048 -0.132490 0.223503 -0.262590 
121698838074018 -0.091361 0.647932 0.054045 0.754265 -0.134249 0.227335 -0.276251 
121698871419035 -0.092931 0.644728 0.053313 0.756867 -0.136161 0.229686 -0.282956 
121698904739035 -0.097172 0.641186 0.054729 0.759238 -0.137545 0.231518 -0.288738 
121698904739035 -0.097172 0.641186 0.054729 0.759238 -0.137545 0.231518 -0.288738 TAG001 
121698938037251 -0.098807 0.640547 0.054199 0.759605 -0.139665 0.233669 -0.294757 
121698971357251 -0.100829 0.639673 0.053989 0.760090 -0.141177 0.235065 -0.298382 
121699004677251 -0.102346 0.639700 0.052991 0.759935 -0.142730 0.236352 -0.300799 
121699037898711 -0.102610 0.640077 0.051844 0.759661 -0.144401 0.238386 -0.303824 
121699071218711 -0.102282 0.642109 0.051280 0.758027 -0.146502 0.239553 -0.303739 
121699104538711 -0.099907 0.643404 0.050504 0.757297 -0.149258 0.240854 -0.302490 
121699136895761 -0.097722 0.641087 0.051370 0.759486 -0.152817 0.242083 -0.300227 
121699170215761 -0.095592 0.636563 0.054180 0.763357 -0.157657 0.243756 -0.296561 
121699204494457 -0.092336 0.630842 0.056562 0.768318 -0.163163 0.245977 -0.291686 
121699237787104 -0.085855 0.638964 0.058035 0.762225 -0.158874 0.255645 -0.295792 
121699271107104 -0.079794 0.629655 0.056163 0.770722 -0.165447 0.258451 -0.288811 
121699304427104 -0.075171 0.617440 0.054840 0.781095 -0.173226 0.261344 -0.280859 
121699337747104 -0.072790 0.606072 0.055902 0.790097 -0.181804 0.264265 -0.272089 
121699370170822 -0.072405 0.594586 0.057558 0.798694 -0.193631 0.258093 -0.260727 
121699403490822 -0.071094 0.585203 0.059693 0.805555 -0.203103 0.261077 -0.250867 
121699435873431 -0.068493 0.575958 0.061567 0.812275 -0.212589 0.263924 -0.240946 
121699470116069 -0.065883 0.566190 0.063361 0.819191 -0.222293 0.266227 -0.229872 
121699503436069 -0.062811 0.558181 0.064525 0.824818 -0.231725 0.269346 -0.219747 
121699536756069 -0.059978 0.549753 0.063639 0.830737 -0.240840 0.272814 -0.210192 
121699570029874 -0.058646 0.542343 0.060806 0.835899 -0.249663 0.276409 -0.201004 
121699604308570 -0.060264 0.538716 0.057659 0.838349 -0.258091 0.280244 -0.192771 
121699637628570 -0.062484 0.540616 0.054795 0.837154 -0.265785 0.283839 -0.185457 
121699671010074 -0.063973 0.545291 0.053183 0.834109 -0.273099 0.287176 -0.178302 
121699704330074 -0.064350 0.550299 0.052831 0.830806 -0.280437 0.290021 -0.172545 
121699737650074 -0.063698 0.553468 0.052908 0.828744 -0.287884 0.292520 -0.167495 
121699771008130 -0.062578 0.555534 0.053353 0.827417 -0.296034 0.294643 -0.163218 
121699804328130 -0.062228 0.553851 0.055332 0.828442 -0.304563 0.296119 -0.159111 
121699837648130 -0.064130 0.552672 0.059249 0.828812 -0.313658 0.297099 -0.155600 
121699871166959 -0.067643 0.550232 0.065239 0.829707 -0.322198 0.297664 -0.153337 
121699904508264 -0.072799 0.547718 0.072360 0.830343 -0.331793 0.297617 -0.151030 
121699937926457 -0.077578 0.542690 0.078590 0.832642 -0.342392 0.297081 -0.149918 
121700004566457 -0.084632 0.525961 0.086187 0.841887 -0.361005 0.294950 -0.148043 
121700037886457 -0.087254 0.518756 0.088512 0.845839 -0.369372 0.293353 -0.147700 
121700071194217 -0.088375 0.513507 0.089628 0.848803 -0.376794 0.291551 -0.148336 
121700104492912 -0.087759 0.509931 0.090242 0.850955 -0.383529 0.289797 -0.148434 
121700137812912 -0.086901 0.507536 0.091161 0.852376 -0.389734 0.288055 -0.148535 
121700171073182 -0.086313 0.506353 0.092044 0.853045 -0.394715 0.286542 -0.148688 
121700204393182 -0.084460 0.504520 0.092597 0.854255 -0.399686 0.285352 -0.148552 
121700237713182 -0.081118 0.504141 0.093114 0.854746 -0.404442 0.284374 -0.148003 
121700271016209 -0.077792 0.502714 0.094328 0.855762 -0.408223 0.283066 -0.147274 
121700304336209 -0.074101 0.505400 0.093991 0.854544 -0.412478 0.282456 -0.145963 
121700304336209 -0.074101 0.505400 0.093991 0.854544 -0.412478 0.282456 -0.145963 TAG001 
121700337656209 -0.071734 0.504699 0.094180 0.855139 -0.416710 0.281810 -0.144186 
121700370949974 -0.070412 0.504970 0.093911 0.855119 -0.419138 0.280547 -0.142068 
121700404269974 -0.071956 0.504449 0.093198 0.855376 -0.422698 0.279723 -0.140316 
121700437589974 -0.072738 0.501315 0.091576 0.857325 -0.425773 0.278647 -0.138662 
121700470851830 -0.071621 0.499232 0.089964 0.858804 -0.427180 0.277233 -0.137131 
121700504171830 -0.072976 0.495433 0.090672 0.860813 -0.429202 0.275389 -0.136443 
121700537491830 -0.076396 0.492262 0.092657 0.862123 -0.430607 0.273189 -0.136142 
121700570816870 -0.079056 0.491312 0.094089 0.862270 -0.430711 0.270999 -0.136514 
121700604136870 -0.081839 0.491400 0.095074 0.861852 -0.430675 0.268648 -0.137112 
121700637456870 -0.083721 0.492130 0.094743 0.861291 -0.430307 0.266488 -0.137866 
121700670730190 -0.085731 0.492771 0.094448 0.860759 -0.429433 0.264491 -0.139068 
121700704050190 -0.089339 0.492561 0.095023 0.860449 -0.428664 0.262681 -0.140043 
121700737370190 -0.093014 0.491054 0.095380 0.860882 -0.427727 0.261008 -0.140967 
121700770676781 -0.096224 0.490480 0.094420 0.860962 -0.426652 0.259241 -0.142031 
121700803996781 -0.098799 0.489644 0.092832 0.861319 -0.425633 0.258019 -0.142859 
121700837338086 -0.101715 0.489724 0.091989 0.861024 -0.424516 0.257043 -0.143783 
121700870682957 -0.104021 0.490740 0.091522 0.860220 -0.423223 0.256218 -0.144861 
121700904002957 -0.104141 0.489328 0.090899 0.861075 -0.422288 0.255718 -0.145535 
121700937322957 -0.104216 0.488154 0.090646 0.861759 -0.421511 0.255392 -0.145996 
121700970629580 -0.104494 0.488196 0.090596 0.861707 -0.420414 0.254929 -0.146143 
121701003949580 -0.103946 0.489712 0.089939 0.860981 -0.419564 0.254885 -0.146070 
121701037269580 -0.101941 0.490779 0.088913 0.860720 -0.418854 0.254859 -0.145739 
121701070579755 -0.099762 0.491457 0.088482 0.860632 -0.417495 0.254689 -0.145138 
121701103899755 -0.098735 0.492530 0.088451 0.860141 -0.416814 0.254505 -0.144648 
121701137219755 -0.097610 0.494094 0.088362 0.859381 -0.416201 0.254198 -0.144308 
121701170539704 -0.095787 0.495946 0.088110 0.858545 -0.415203 0.253778 -0.144177 
121701203859704 -0.093522 0.499959 0.086701 0.856608 -0.414525 0.253177 -0.144137 
121701237179704 -0.093918 0.501056 0.086152 0.855979 -0.414278 0.252223 -0.144066 
