# Created at Wed May 28 21:31:02 GMT+09:00 2025 in Burnaby Canada 
-0.488497 -0.140683 -0.377350 113.00 78.00 46.00 
-0.320146 0.287355 -0.580215 143.00 118.00 87.00 
-0.314228 0.197116 -0.597641 114.00 85.00 53.00 
-0.331323 0.224439 -0.568698 152.00 128.00 90.00 
-0.329055 0.172411 -0.569319 154.00 135.00 105.00 
-0.321670 0.130738 -0.578403 137.00 112.00 71.00 
-0.344667 0.195914 -0.549879 137.00 117.00 66.00 
-0.334935 0.266263 -0.411225 170.00 190.00 225.00 
-0.308016 0.063883 -0.423256 95.00 114.00 182.00 
-0.372920 0.102000 -0.516617 72.00 36.00 20.00 
-0.339748 0.142730 -0.427413 82.00 81.00 115.00 
-0.366219 0.082637 -0.509753 100.00 73.00 52.00 
-0.385762 0.097858 -0.487344 54.00 26.00 15.00 
-0.290918 0.048954 -0.425371 128.00 157.00 223.00 
-0.294523 0.312300 -0.615615 139.00 111.00 72.00 
-0.297945 0.325262 -0.610666 137.00 110.00 80.00 
-0.299436 0.336184 -0.599123 116.00 85.00 54.00 
-0.302615 0.293185 -0.603779 150.00 126.00 90.00 
-0.299332 0.232061 -0.610247 144.00 111.00 60.00 
-0.320127 0.323622 -0.570141 153.00 133.00 98.00 
-0.317703 0.253525 -0.588535 154.00 126.00 87.00 
-0.207177 0.031249 -0.374142 155.00 198.00 241.00 
-0.355786 0.123201 -0.531915 92.00 61.00 15.00 
-0.329828 0.161150 -0.425621 115.00 129.00 166.00 
-0.337545 0.055583 -0.401534 45.00 31.00 57.00 
-0.209284 0.291312 -0.723782 106.00 70.00 34.00 
-0.228344 0.130982 -0.605961 122.00 152.00 214.00 
-0.232122 0.143518 -0.588050 114.00 146.00 221.00 
-0.206017 0.060160 -0.424229 24.00 10.00 7.00 
-0.332521 0.048888 -0.406271 69.00 79.00 150.00 
-0.336072 0.039969 -0.398624 37.00 22.00 41.00 
-0.186671 0.034521 -0.455084 202.00 97.00 16.00 
-0.240285 0.095563 -0.602347 112.00 142.00 204.00 
-0.290795 0.280268 -0.623499 131.00 103.00 63.00 
-0.319313 0.342249 -0.575276 141.00 125.00 102.00 
-0.312863 0.128482 -0.584776 138.00 113.00 72.00 
-0.338370 0.148877 -0.558451 118.00 87.00 33.00 
-0.343113 0.167630 -0.535235 143.00 138.00 100.00 
-0.335628 0.228882 -0.548052 132.00 103.00 43.00 
-0.318341 0.071886 -0.425962 99.00 118.00 184.00 
-0.257420 0.309411 -0.673412 134.00 104.00 76.00 
-0.215128 0.158520 -0.596301 121.00 154.00 223.00 
-0.231836 0.199933 -0.600064 135.00 161.00 218.00 
-0.234759 0.112329 -0.588371 129.00 166.00 236.00 
-0.201598 0.047804 -0.499885 37.00 50.00 67.00 
-0.257849 0.218629 -0.583322 127.00 103.00 67.00 
-0.250976 0.180464 -0.588546 103.00 80.00 49.00 
-0.261131 0.149430 -0.596400 135.00 161.00 220.00 
-0.222149 0.315838 -0.723256 97.00 60.00 31.00 
-0.172462 -0.022656 -0.693176 24.00 54.00 82.00 
-0.225756 0.252452 -0.725572 129.00 101.00 54.00 
-0.233144 0.267275 -0.701705 98.00 69.00 39.00 
-0.210896 0.203609 -0.605583 135.00 162.00 217.00 
-0.241119 0.283299 -0.680284 143.00 115.00 93.00 
-0.247872 0.305254 -0.693811 119.00 86.00 55.00 
-0.219461 0.172401 -0.605555 130.00 159.00 219.00 
-0.216000 0.185238 -0.583338 132.00 165.00 236.00 
-0.251935 0.256110 -0.681619 142.00 112.00 48.00 
-0.264982 0.303722 -0.654445 141.00 115.00 82.00 
-0.225109 0.098651 -0.588209 115.00 141.00 218.00 
-0.278829 0.263080 -0.628382 146.00 111.00 71.00 
-0.314924 0.269053 -0.572197 155.00 128.00 98.00 
-0.328223 0.320008 -0.561329 143.00 129.00 92.00 
-0.332735 0.268960 -0.553356 137.00 107.00 55.00 
-0.324925 0.187193 -0.561674 118.00 85.00 42.00 
-0.265467 0.173421 -0.587905 53.00 83.00 181.00 
-0.345001 0.244626 -0.553032 129.00 110.00 67.00 
-0.343083 0.177639 -0.570679 121.00 93.00 30.00 
-0.187117 0.021732 -0.492192 160.00 195.00 237.00 
-0.253214 0.211717 -0.578624 115.00 93.00 70.00 
-0.187101 0.309703 -0.793722 109.00 70.00 37.00 
-0.200420 0.312112 -0.759953 107.00 64.00 29.00 
-0.272754 0.258190 -0.661822 121.00 94.00 64.00 
-0.272291 0.294804 -0.644247 127.00 95.00 56.00 
-0.296222 0.250106 -0.611171 157.00 124.00 81.00 
-0.163536 0.010303 -0.317896 149.00 208.00 242.00 
-0.194773 0.016384 -0.354814 167.00 204.00 246.00 
-0.310545 0.081175 -0.504089 99.00 72.00 55.00 
-0.319534 0.159292 -0.439415 105.00 110.00 150.00 
-0.309339 0.229303 -0.590143 132.00 97.00 59.00 
-0.329447 0.203146 -0.549164 134.00 108.00 47.00 
-0.201598 0.043606 -0.436049 198.00 109.00 17.00 
-0.281654 0.056773 -0.460523 102.00 126.00 186.00 
-0.350310 0.291103 -0.541575 176.00 198.00 212.00 
-0.326015 0.203606 -0.459376 170.00 187.00 217.00 
-0.331632 0.216289 -0.452061 163.00 184.00 213.00 
-0.296729 0.026196 -0.414604 97.00 109.00 183.00 
-0.284007 0.011521 -0.392437 53.00 85.00 160.00 
-0.371505 0.112774 -0.496552 64.00 32.00 17.00 
-0.146100 -0.041658 -0.343258 76.00 33.00 76.00 
-0.107017 -0.010037 -0.696497 17.00 36.00 43.00 
-0.152262 0.230813 -0.720666 19.00 30.00 26.00 
-0.171963 0.271527 -0.800980 50.00 35.00 14.00 
-0.138973 0.038922 -0.712864 38.00 62.00 72.00 
-0.204406 0.281708 -0.760596 115.00 71.00 34.00 
-0.160858 -0.151808 -0.454327 72.00 11.00 29.00 
-0.165255 0.015576 -0.445505 185.00 211.00 210.00 
-0.254498 0.257751 -0.691293 141.00 110.00 55.00 
-0.174905 0.014619 -0.445059 212.00 120.00 17.00 
-0.077066 0.090386 -0.683527 19.00 37.00 47.00 
-0.121827 0.214832 -0.693184 38.00 53.00 50.00 
-0.121886 0.053346 -0.699903 20.00 34.00 45.00 
-0.165383 0.197003 -0.708535 28.00 48.00 49.00 
-0.108782 -0.108863 -0.500973 85.00 106.00 125.00 
-0.227011 0.275984 -0.742106 106.00 70.00 34.00 
-0.231801 0.294208 -0.748304 115.00 80.00 42.00 
-0.192507 0.181608 -0.611048 133.00 167.00 238.00 
-0.211470 0.143515 -0.627044 94.00 138.00 225.00 
-0.150269 -0.164664 -0.512425 15.00 14.00 48.00 
-0.218737 0.127954 -0.609329 140.00 171.00 238.00 
-0.150280 -0.150020 -0.465907 72.00 11.00 29.00 
-0.157350 -0.142285 -0.459261 77.00 14.00 33.00 
-0.259747 0.079426 -0.580374 85.00 68.00 60.00 
-0.295462 0.241728 -0.625722 145.00 114.00 67.00 
-0.204245 0.023819 -0.429323 144.00 60.00 26.00 
-0.320146 0.287355 -0.580215 136.00 112.00 78.00 
-0.458355 -0.155260 -0.386346 45.00 32.00 85.00 
-0.576620 -0.175683 -0.251138 78.00 59.00 79.00 
-0.272754 0.258190 -0.661822 135.00 103.00 54.00 
-0.310426 0.081328 -0.505819 112.00 79.00 72.00 
-0.476608 -0.272063 -0.369287 109.00 74.00 52.00 
-0.490626 -0.283956 -0.331875 70.00 58.00 80.00 
-0.254498 0.257751 -0.691293 136.00 106.00 44.00 
-0.555710 -0.019399 -0.262053 100.00 62.00 41.00 
-0.483696 -0.016555 -0.340206 42.00 16.00 27.00 
-0.117903 -0.152903 -0.514543 78.00 99.00 156.00 
-0.247751 0.076037 -0.600731 105.00 128.00 206.00 
-0.074588 -0.094990 -0.665231 7.00 11.00 23.00 
-0.134503 -0.071801 -0.686709 106.00 148.00 126.00 
-0.163641 -0.057725 -0.702206 78.00 109.00 101.00 
-0.217354 0.186661 -0.597902 132.00 162.00 234.00 
-0.304740 0.091554 -0.510803 116.00 88.00 51.00 
-0.294853 0.062978 -0.496511 83.00 107.00 167.00 
-0.352951 0.192675 -0.547516 175.00 190.00 219.00 
-0.313483 0.196150 -0.595748 102.00 68.00 33.00 
36893488147419103000.000000 1.536381 -0.000000 113.00 110.00 215.00 
-0.218737 0.127954 -0.609329 142.00 172.00 236.00 
-0.114048 -0.098164 -0.528492 159.00 196.00 240.00 
-0.203197 0.055264 -0.468637 149.00 106.00 71.00 
-0.292040 0.090367 -0.582962 123.00 150.00 193.00 
-0.328782 0.176068 -0.579196 131.00 154.00 222.00 
-0.165255 0.015576 -0.445505 187.00 213.00 214.00 
-0.416742 -0.316121 -0.361929 33.00 23.00 32.00 
-0.335919 0.154739 -0.561397 115.00 137.00 212.00 
-0.354070 0.229451 -0.513908 109.00 70.00 31.00 
-0.353216 0.123919 -0.536237 121.00 117.00 167.00 
-0.371417 0.217084 -0.504869 99.00 61.00 25.00 
-0.354922 0.174439 -0.531844 105.00 63.00 25.00 
-0.362124 0.268319 -0.515799 134.00 91.00 49.00 
-0.320847 0.078912 -0.459985 100.00 79.00 52.00 
-0.153435 0.008469 -0.341777 195.00 229.00 254.00 
-0.371987 0.099997 -0.506616 96.00 65.00 37.00 
-0.308776 0.028212 -0.429447 49.00 68.00 110.00 
-0.317306 0.161962 -0.447853 91.00 59.00 34.00 
-0.410836 0.082704 -0.432309 112.00 82.00 82.00 
-0.336094 0.148501 -0.432853 88.00 58.00 24.00 
-0.389896 0.090358 -0.385141 90.00 89.00 149.00 
-0.356013 0.217149 -0.399173 174.00 189.00 208.00 
-0.395000 0.152769 -0.359195 183.00 208.00 239.00 
-0.371906 0.099376 -0.505580 101.00 66.00 36.00 
19288173293564944000000000000000.000000 19288173293564944000000000000000.000000 4802158609278760000000000000000.000000 82.00 35.00 77.00 
-0.340252 0.066531 -0.414457 131.00 167.00 229.00 
-0.352434 0.236688 -0.371621 197.00 216.00 233.00 
-0.370178 0.311311 -0.374082 20.00 39.00 95.00 
-0.296700 0.058081 -0.471126 41.00 34.00 26.00 
-0.316435 0.064323 -0.440832 121.00 144.00 196.00 
-0.351642 0.053311 -0.378732 80.00 109.00 187.00 
-0.207717 0.038770 -0.416656 162.00 137.00 107.00 
-0.219773 0.036088 -0.403955 122.00 46.00 14.00 
-0.303285 0.024257 -0.403372 71.00 64.00 115.00 
-0.269341 0.008622 -0.349450 161.00 198.00 243.00 
-0.284899 0.009390 -0.345302 75.00 109.00 172.00 
-0.178612 0.009696 -0.297526 104.00 196.00 235.00 
-0.254720 0.007467 -0.324160 145.00 193.00 241.00 
-0.352133 0.021284 -0.359078 118.00 149.00 216.00 
-0.189522 0.009643 -0.288016 97.00 144.00 190.00 
-0.198320 0.004502 -0.326293 188.00 227.00 255.00 
-0.401599 0.240484 -0.322785 184.00 197.00 229.00 
-0.274671 0.003555 -0.374444 168.00 85.00 33.00 
-0.332787 0.221107 -0.409691 111.00 85.00 28.00 
-0.449555 0.335722 -0.302998 14.00 26.00 100.00 
-0.332379 0.288716 -0.419617 105.00 74.00 28.00 
-0.452940 0.285372 -0.295789 98.00 105.00 219.00 
-0.369511 0.237061 -0.343969 189.00 210.00 237.00 
-0.444459 0.305344 -0.307920 125.00 131.00 225.00 
-0.308776 0.028212 -0.429447 38.00 58.00 93.00 
-0.296700 0.058081 -0.471126 63.00 51.00 29.00 
-0.321746 0.161620 -0.449769 88.00 70.00 34.00 
-0.340025 0.067038 -0.414114 100.00 139.00 204.00 
-0.336833 0.149036 -0.432692 79.00 54.00 24.00 
-0.351642 0.053311 -0.378732 79.00 107.00 180.00 
-0.372617 0.164757 -0.355889 91.00 109.00 171.00 
-0.354813 0.237846 -0.374525 151.00 179.00 218.00 
-0.332690 0.223307 -0.411569 143.00 167.00 191.00 
-0.413056 0.240204 -0.326050 112.00 140.00 223.00 
-0.451819 0.307451 -0.311096 112.00 133.00 222.00 
-0.457382 0.289023 -0.298725 94.00 116.00 192.00 
-0.465090 0.337590 -0.305597 70.00 86.00 171.00 
-0.513685 -0.000366 -0.311383 59.00 45.00 42.00 
-0.336320 0.222788 -0.406128 166.00 186.00 210.00 
-0.462387 0.307045 -0.287891 133.00 141.00 222.00 
-0.313733 0.205907 -0.458716 89.00 59.00 21.00 
-0.328570 0.270365 -0.416883 108.00 80.00 32.00 
-0.339586 0.328082 -0.398144 184.00 211.00 240.00 
-0.343575 0.311235 -0.384888 190.00 214.00 238.00 
-0.354519 0.303541 -0.377705 188.00 212.00 236.00 
-0.356157 0.290751 -0.359048 145.00 171.00 208.00 
-0.556813 0.339947 -0.238135 86.00 55.00 61.00 
-0.494967 0.063917 -0.321433 72.00 53.00 49.00 
-0.337600 0.236077 -0.403883 184.00 214.00 242.00 
-0.390678 0.204855 -0.330530 85.00 110.00 202.00 
-0.351967 0.273820 -0.366471 161.00 189.00 239.00 
-0.429972 0.249622 -0.312465 124.00 133.00 226.00 
-0.577531 0.138982 -0.202598 144.00 158.00 223.00 
-0.576052 0.250383 -0.225444 98.00 113.00 216.00 
-0.357077 0.321586 -0.548817 112.00 84.00 47.00 
-0.334433 0.343667 -0.409853 172.00 194.00 217.00 
-0.349899 0.222947 -0.376072 192.00 211.00 225.00 
-0.360186 0.341588 -0.370538 179.00 196.00 224.00 
-0.444208 0.363890 -0.306662 93.00 100.00 214.00 
-0.369688 0.332025 -0.532913 119.00 90.00 60.00 
-0.370625 0.118400 -0.439138 88.00 66.00 29.00 
-0.536217 0.082406 -0.307195 87.00 68.00 90.00 
-0.460502 0.156084 -0.285503 128.00 146.00 218.00 
-0.578113 0.103003 -0.219120 107.00 63.00 60.00 
-0.422666 0.181265 -0.323313 119.00 146.00 233.00 
-0.407745 0.223126 -0.316988 9.00 18.00 95.00 
-0.570103 0.064875 -0.230685 108.00 138.00 224.00 
-0.418567 0.299609 -0.321204 7.00 14.00 92.00 
-0.374015 0.374959 -0.347142 171.00 190.00 246.00 
-0.405704 0.393833 -0.319466 89.00 106.00 175.00 
-0.481517 0.176259 -0.249466 47.00 40.00 156.00 
-0.364145 0.306220 -0.532273 121.00 91.00 53.00 
-0.342922 0.288677 -0.400494 183.00 212.00 242.00 
-0.563905 0.096627 -0.242181 93.00 117.00 215.00 
-0.568497 0.050754 -0.234978 118.00 71.00 41.00 
-0.460338 0.273904 -0.285195 132.00 150.00 222.00 
-0.371096 0.394527 -0.346330 168.00 176.00 239.00 
-0.379658 0.404939 -0.344756 169.00 174.00 240.00 
-0.378711 0.396704 -0.336213 68.00 86.00 148.00 
-0.405184 0.418184 -0.320441 93.00 104.00 186.00 
-0.456111 0.343971 -0.289182 23.00 32.00 101.00 
-0.371250 0.417402 -0.348196 160.00 162.00 236.00 
-0.367974 0.383253 -0.363862 165.00 185.00 246.00 
-0.368626 0.376443 -0.532125 109.00 79.00 55.00 
-0.365431 0.499823 -0.526483 116.00 116.00 126.00 
-0.347920 0.497224 -0.431585 96.00 69.00 110.00 
-0.382252 0.511306 -0.391970 95.00 98.00 227.00 
-0.370591 0.365735 -0.373033 164.00 190.00 251.00 
-0.587634 0.072499 -0.205732 110.00 140.00 228.00 
-0.388993 0.175041 -0.346243 126.00 146.00 215.00 
-0.362872 0.336439 -0.378522 155.00 179.00 223.00 
-0.372368 0.380372 -0.344780 167.00 176.00 235.00 
-0.578776 0.415821 -0.209012 131.00 136.00 236.00 
-0.505208 0.531560 -0.276022 77.00 55.00 104.00 
-0.517633 0.517858 -0.275838 132.00 128.00 238.00 
-0.370747 0.439515 -0.338325 144.00 154.00 226.00 
-0.331599 0.483520 -0.495067 25.00 24.00 66.00 
-0.366829 0.527508 -0.425591 75.00 55.00 126.00 
-0.586692 0.232172 -0.206338 145.00 157.00 229.00 
-0.441586 0.223563 -0.294981 143.00 160.00 232.00 
-0.327743 0.324253 -0.406828 95.00 63.00 6.00 
-0.335521 0.311443 -0.408753 119.00 92.00 37.00 
-0.342642 0.210289 -0.375748 179.00 207.00 231.00 
-0.354256 0.310755 -0.368254 132.00 163.00 207.00 
-0.365386 0.306386 -0.357137 107.00 135.00 200.00 
-0.343121 0.362734 -0.391461 176.00 204.00 241.00 
-0.478604 0.173947 -0.243443 69.00 56.00 82.00 
-0.363769 0.354666 -0.526652 119.00 90.00 58.00 
-0.465751 0.532445 -0.308892 138.00 134.00 244.00 
-0.559782 0.556073 -0.257694 81.00 57.00 109.00 
-0.579392 0.569675 -0.232230 85.00 75.00 172.00 
-0.411167 0.579493 -0.480059 66.00 45.00 104.00 
-0.511253 0.510094 -0.281815 135.00 135.00 245.00 
-0.583410 0.295260 -0.203899 122.00 132.00 217.00 
-0.467301 0.330826 -0.262333 145.00 163.00 247.00 
-0.358080 0.261207 -0.532644 115.00 86.00 46.00 
-0.595048 0.177750 -0.203879 148.00 162.00 225.00 
-0.372022 0.219644 -0.524716 102.00 70.00 31.00 
-0.322639 0.194507 -0.419199 93.00 60.00 27.00 
-0.359203 0.204060 -0.356303 152.00 187.00 229.00 
-0.362387 0.247196 -0.353273 172.00 203.00 247.00 
-0.352217 0.406236 -0.398888 152.00 171.00 237.00 
-0.594584 0.524525 -0.208659 124.00 117.00 229.00 
-0.529161 0.511517 -0.264189 80.00 57.00 103.00 
-0.579459 0.367280 -0.222267 84.00 56.00 78.00 
-0.591738 0.586978 -0.208204 124.00 120.00 240.00 
-0.538106 0.568955 -0.287487 95.00 73.00 148.00 
-0.355019 0.530438 -0.471016 99.00 73.00 136.00 
-0.358900 0.202320 -0.542795 123.00 95.00 55.00 
-0.403445 0.592354 -0.455777 75.00 53.00 126.00 
-0.420812 0.623709 -0.452279 73.00 51.00 134.00 
-0.375690 0.545680 -0.510604 82.00 53.00 83.00 
-0.382340 0.577568 -0.501695 83.00 66.00 137.00 
-0.341657 0.502351 -0.482200 83.00 55.00 80.00 
-0.459733 0.287432 -0.276189 87.00 102.00 167.00 
-0.588677 0.197632 -0.201539 109.00 135.00 232.00 
-0.352135 0.209279 -0.366154 79.00 109.00 159.00 
-0.532565 0.597098 -0.289981 99.00 76.00 154.00 
-0.583252 0.625653 -0.231991 96.00 91.00 217.00 
-0.368877 0.223793 -0.336644 171.00 188.00 214.00 
-0.358400 0.403634 -0.400245 150.00 171.00 236.00 
-0.593800 0.611993 -0.208231 124.00 120.00 240.00 
-0.553230 0.155586 -0.234334 113.00 140.00 229.00 
-0.575159 0.373600 -0.207194 99.00 118.00 236.00 
-0.598113 0.562391 -0.208596 123.00 119.00 239.00 
-0.430587 0.283188 -0.306962 146.00 154.00 226.00 
-0.395082 0.219133 -0.332565 188.00 203.00 224.00 
-0.435632 0.240689 -0.302273 102.00 135.00 230.00 
-0.391547 0.507618 -0.354195 119.00 122.00 235.00 
-0.458785 0.322114 -0.301300 88.00 97.00 214.00 
-0.324304 0.156015 -0.450149 122.00 100.00 59.00 
-0.359536 0.133044 -0.440319 97.00 71.00 38.00 
-0.352876 0.224561 -0.360800 179.00 202.00 233.00 
-0.334783 0.222361 -0.402315 163.00 191.00 202.00 
-0.535267 0.058010 -0.273027 100.00 67.00 52.00 
-0.536499 0.060852 -0.252559 138.00 91.00 23.00 
-0.494064 0.169907 -0.247558 163.00 179.00 231.00 
-0.584929 0.246235 -0.224997 84.00 77.00 183.00 
-0.414856 0.325425 -0.319237 179.00 197.00 237.00 
-0.375255 0.074047 -0.420899 125.00 108.00 118.00 
-0.492282 0.143321 -0.242405 83.00 56.00 71.00 
-0.421916 0.076029 -0.408823 157.00 164.00 190.00 
-0.486374 0.031666 -0.346943 98.00 67.00 46.00 
-0.504723 0.057908 -0.319225 122.00 95.00 84.00 
-0.352434 0.236688 -0.371621 196.00 215.00 230.00 
-0.458294 0.156986 -0.285432 141.00 160.00 229.00 
-0.444472 0.305324 -0.308776 112.00 123.00 228.00 
-0.451239 0.286872 -0.295654 90.00 106.00 181.00 
-0.460332 0.273277 -0.285140 113.00 129.00 207.00 
-0.573733 0.104789 -0.219324 73.00 66.00 159.00 
-0.457830 0.308721 -0.286781 120.00 138.00 210.00 
-0.429972 0.249622 -0.312465 129.00 145.00 223.00 
-0.577531 0.138982 -0.202598 138.00 153.00 220.00 
-0.371096 0.394527 -0.346330 159.00 166.00 234.00 
-0.371250 0.417402 -0.348196 149.00 155.00 233.00 
-0.367644 0.381862 -0.343335 166.00 175.00 234.00 
-0.585856 0.365683 -0.222989 90.00 86.00 209.00 
-0.558424 0.057736 -0.235510 89.00 65.00 63.00 
-0.449921 0.325415 -0.299325 43.00 48.00 142.00 
-0.584929 0.246235 -0.224997 74.00 56.00 116.00 
-0.494064 0.169907 -0.247558 159.00 176.00 228.00 
-0.480782 0.036873 -0.344884 120.00 102.00 92.00 
-0.402005 0.240239 -0.323105 158.00 173.00 204.00 
-0.460502 0.156084 -0.285503 132.00 146.00 221.00 
-0.535754 0.057326 -0.273207 95.00 63.00 48.00 
-0.452940 0.285372 -0.295789 103.00 109.00 223.00 
-0.459388 0.308436 -0.286860 98.00 110.00 196.00 
-0.556813 0.339947 -0.238135 79.00 49.00 59.00 
-0.579459 0.367280 -0.222267 86.00 58.00 73.00 
-0.441586 0.223563 -0.294981 148.00 163.00 232.00 
-0.434524 0.281759 -0.308773 162.00 173.00 227.00 
-0.458785 0.322114 -0.301300 86.00 95.00 216.00 
-0.395082 0.219133 -0.332565 188.00 203.00 226.00 
-0.544325 0.055139 -0.253513 109.00 80.00 66.00 
-0.484929 0.033897 -0.345958 78.00 49.00 45.00 
-0.502931 0.060768 -0.319220 113.00 93.00 82.00 
-0.409538 0.223547 -0.315093 185.00 199.00 226.00 
-0.424927 0.231419 -0.294791 144.00 159.00 228.00 
-0.511712 0.001356 -0.307011 122.00 71.00 14.00 
-0.555710 -0.019399 -0.262053 90.00 52.00 31.00 
-0.432836 0.237597 -0.310948 128.00 139.00 219.00 
-0.483696 -0.016555 -0.340206 43.00 22.00 31.00 
-0.528273 -0.038654 -0.329331 90.00 50.00 24.00 
-0.496534 -0.026145 -0.309811 101.00 50.00 7.00 
-0.452913 -0.096347 -0.381170 91.00 15.00 28.00 
-0.564563 0.026851 -0.235570 119.00 73.00 47.00 
-0.520341 -0.078551 -0.291587 100.00 72.00 51.00 
-0.532888 0.059695 -0.272420 121.00 78.00 46.00 
-0.577287 0.103527 -0.218366 97.00 60.00 67.00 
-0.558018 0.031830 -0.234323 106.00 72.00 60.00 
-0.364333 -0.159280 -0.389945 17.00 12.00 34.00 
-0.359913 -0.226933 -0.359989 13.00 16.00 23.00 
-0.520341 -0.078551 -0.291587 98.00 69.00 51.00 
-0.545068 -0.081766 -0.244201 118.00 67.00 10.00 
-0.568989 -0.145764 -0.228513 113.00 71.00 13.00 
-0.501698 -0.101778 -0.325860 59.00 29.00 29.00 
-0.529221 -0.253431 -0.284601 78.00 45.00 12.00 
-0.650225 0.037816 -0.218225 165.00 167.00 226.00 
-0.453202 -0.535915 -0.381412 19.00 13.00 17.00 
-0.514336 -0.323757 -0.360091 68.00 44.00 20.00 
-0.453682 -0.493609 -0.321138 93.00 67.00 40.00 
-0.497985 -0.137805 -0.328508 55.00 26.00 28.00 
-0.494794 -0.256641 -0.328536 52.00 29.00 21.00 
-0.438940 0.172930 -0.295074 150.00 144.00 158.00 
-0.503022 -0.047258 -0.322740 60.00 21.00 14.00 
-0.500522 -0.270560 -0.314941 69.00 42.00 23.00 
-0.498165 -0.259573 -0.288209 77.00 51.00 24.00 
-0.575825 0.060995 -0.225761 121.00 86.00 84.00 
-0.555709 0.010810 -0.234924 100.00 53.00 25.00 
-0.591652 -0.274866 -0.225567 116.00 85.00 41.00 
-0.558067 -0.251125 -0.231330 131.00 93.00 30.00 
-0.472719 0.001288 -0.370784 53.00 38.00 69.00 
-0.455185 -0.329644 -0.384647 11.00 6.00 10.00 
-0.463289 -0.371408 -0.359019 79.00 61.00 57.00 
-0.448163 -0.590803 -0.356829 64.00 43.00 26.00 
-0.485279 -0.134712 -0.345236 46.00 18.00 17.00 
-0.447037 -0.736518 -0.342533 37.00 28.00 111.00 
-0.506544 -0.116824 -0.316491 56.00 26.00 24.00 
-0.519975 -0.261483 -0.289162 107.00 73.00 35.00 
-0.542197 -0.287556 -0.263856 104.00 66.00 17.00 
-0.545735 -0.323856 -0.260688 139.00 98.00 44.00 
-0.567426 0.039411 -0.225509 124.00 80.00 69.00 
-0.522042 0.068969 -0.298431 120.00 69.00 16.00 
-0.529395 -0.656517 -0.223088 72.00 61.00 65.00 
-0.566240 -0.590683 -0.240710 111.00 83.00 43.00 
-0.574329 -0.356524 -0.250084 129.00 93.00 45.00 
-0.597740 -0.653297 -0.261766 116.00 88.00 48.00 
-0.479433 -0.388140 -0.354852 76.00 51.00 21.00 
-0.430579 -0.729355 -0.293674 32.00 29.00 100.00 
-0.516268 -0.157351 -0.296405 92.00 58.00 20.00 
-0.483532 -0.289577 -0.347496 80.00 53.00 24.00 
-0.445197 -0.694665 -0.216450 142.00 163.00 208.00 
-0.461622 -0.688877 -0.201875 146.00 165.00 208.00 
-0.563073 -0.300630 -0.240511 138.00 101.00 48.00 
-0.571307 -0.713543 -0.223401 57.00 31.00 14.00 
-0.580612 -0.167004 -0.209578 124.00 79.00 24.00 
-0.557194 -0.068498 -0.240486 127.00 77.00 18.00 
-0.555992 -0.038045 -0.255510 116.00 63.00 9.00 
-0.558640 -0.401359 -0.233018 88.00 54.00 19.00 
-0.562753 -0.367226 -0.235270 94.00 57.00 13.00 
-0.446816 -0.597620 -0.415921 98.00 78.00 27.00 
-0.569748 -0.436036 -0.258751 124.00 89.00 47.00 
-0.469256 -0.656346 -0.130576 83.00 93.00 165.00 
-0.492426 -0.641239 -0.101863 53.00 61.00 84.00 
-0.447794 -0.367579 -0.397357 63.00 46.00 100.00 
-0.443036 -0.621348 -0.397135 16.00 15.00 10.00 
-0.494208 -0.377971 -0.334933 99.00 77.00 40.00 
-0.550334 -0.168636 -0.256319 109.00 72.00 28.00 
-0.542739 -0.047038 -0.273724 113.00 64.00 8.00 
-0.606055 -0.839127 -0.101088 42.00 45.00 38.00 
-0.541935 -0.760721 -0.064125 62.00 65.00 80.00 
-0.557562 -0.088825 -0.235435 126.00 76.00 17.00 
-0.387724 -0.654540 -0.417246 64.00 70.00 120.00 
-0.435575 -0.646856 -0.144900 78.00 90.00 208.00 
-0.420310 -0.664407 -0.137360 94.00 105.00 211.00 
-0.505139 -0.684500 -0.267105 30.00 17.00 26.00 
-0.410619 -0.724713 -0.085783 100.00 105.00 85.00 
-0.514543 -0.651211 -0.212133 144.00 157.00 173.00 
-0.416382 -0.657530 -0.141616 113.00 130.00 160.00 
-0.588028 -0.262708 -0.221297 195.00 205.00 196.00 
-0.560992 -0.808517 -0.026010 61.00 64.00 69.00 
-0.411949 -0.641574 -0.401360 10.00 7.00 18.00 
-0.459335 -0.491612 -0.303686 93.00 70.00 38.00 
-0.504774 -0.775359 -0.034832 79.00 94.00 91.00 
-0.591499 -0.722592 -0.069814 77.00 82.00 76.00 
-0.279644 -0.631735 -0.342768 82.00 87.00 129.00 
-0.265319 -0.626569 -0.327283 77.00 77.00 115.00 
-0.254026 -0.593908 -0.298660 72.00 72.00 146.00 
-0.431468 -0.608001 -0.429803 49.00 30.00 34.00 
-0.438181 -0.659458 -0.431153 9.00 8.00 16.00 
-0.457532 -0.379326 -0.381702 89.00 66.00 60.00 
-0.405187 -0.649099 -0.376781 60.00 46.00 97.00 
-0.254807 -0.604239 -0.251377 67.00 70.00 139.00 
-0.487024 -0.314639 -0.339127 84.00 58.00 23.00 
-0.388670 -0.747438 -0.319268 39.00 35.00 132.00 
-0.331874 -0.742037 -0.280289 105.00 116.00 208.00 
-0.484347 -0.356759 -0.323451 71.00 45.00 18.00 
-0.507915 -0.308317 -0.332060 117.00 85.00 62.00 
-0.417770 -0.753975 -0.318001 91.00 85.00 185.00 
-0.317619 -0.735376 -0.248802 11.00 13.00 51.00 
-0.384333 -0.763841 -0.266269 50.00 50.00 164.00 
-0.492579 -0.704097 -0.323273 42.00 24.00 46.00 
-0.330797 -0.733435 -0.220271 75.00 90.00 147.00 
-0.341323 -0.741398 -0.311095 63.00 67.00 177.00 
-0.531995 -0.367640 -0.283964 96.00 65.00 37.00 
-0.537087 -0.239122 -0.272327 137.00 100.00 48.00 
-0.535122 -0.438741 -0.279328 98.00 68.00 40.00 
-0.534400 -0.332609 -0.269976 107.00 71.00 35.00 
-0.537276 -0.214238 -0.264266 98.00 64.00 19.00 
-0.335574 -0.745400 -0.274945 66.00 69.00 200.00 
-0.386723 -0.745345 -0.297040 71.00 77.00 155.00 
-0.559594 -0.363547 -0.252220 112.00 73.00 32.00 
-0.551137 -0.254010 -0.246689 130.00 90.00 38.00 
-0.574069 -0.389970 -0.240955 128.00 94.00 46.00 
-0.575697 -0.383726 -0.218847 99.00 83.00 70.00 
-0.545697 -0.237271 -0.275771 134.00 94.00 45.00 
-0.549797 -0.254860 -0.252783 131.00 98.00 47.00 
-0.226976 -0.594769 -0.291674 42.00 47.00 102.00 
-0.287767 -0.649787 -0.382584 99.00 110.00 128.00 
-0.570871 -0.333255 -0.223401 186.00 196.00 188.00 
-0.379427 -0.658512 -0.380816 100.00 122.00 198.00 
-0.542722 -0.246082 -0.264521 101.00 67.00 30.00 
-0.477586 -0.320726 -0.385244 92.00 67.00 63.00 
-0.476419 -0.327046 -0.368807 110.00 84.00 59.00 
-0.323372 -0.703968 -0.139849 68.00 86.00 122.00 
-0.353381 -0.711064 -0.138462 67.00 79.00 91.00 
-0.393549 -0.795294 -0.135747 27.00 32.00 35.00 
-0.365394 -0.743289 -0.120522 41.00 48.00 74.00 
-0.337164 -0.693216 -0.090805 60.00 74.00 101.00 
-0.393487 -0.693244 -0.124547 78.00 91.00 136.00 
-0.596414 -0.675394 -0.213662 175.00 190.00 233.00 
-0.615541 -0.646536 -0.203888 185.00 199.00 238.00 
-0.621667 -0.662343 -0.182634 169.00 183.00 192.00 
-0.431187 -0.817995 -0.073619 129.00 139.00 148.00 
-0.460015 -0.768564 -0.079600 143.00 148.00 128.00 
-0.487721 -0.264618 -0.349315 69.00 51.00 63.00 
-0.463070 -0.504427 -0.384382 96.00 75.00 54.00 
-0.526995 -0.133994 -0.286247 107.00 74.00 33.00 
-0.545483 -0.130745 -0.269197 103.00 68.00 28.00 
-0.537492 -0.129445 -0.251503 112.00 75.00 31.00 
-0.537504 -0.461774 -0.271424 107.00 78.00 48.00 
-0.556839 -0.166861 -0.244138 115.00 77.00 32.00 
-0.555951 -0.381104 -0.249476 136.00 100.00 48.00 
-0.578287 -0.299023 -0.239932 122.00 84.00 22.00 
-0.602883 -0.291263 -0.213467 174.00 181.00 174.00 
-0.284178 -0.642182 -0.393349 65.00 81.00 107.00 
-0.431761 -0.678468 -0.307822 12.00 7.00 37.00 
-0.571604 -0.313905 -0.228281 133.00 96.00 44.00 
-0.490403 -0.642061 -0.110864 67.00 75.00 94.00 
-0.294370 -0.639709 -0.362909 92.00 109.00 125.00 
-0.552603 -0.148289 -0.287213 131.00 90.00 46.00 
-0.275335 -0.708031 -0.189910 96.00 114.00 160.00 
-0.543434 -0.170252 -0.264976 115.00 82.00 39.00 
-0.562213 -0.157564 -0.236809 112.00 70.00 20.00 
-0.566331 -0.150312 -0.237053 119.00 74.00 17.00 
-0.577479 -0.136996 -0.222445 127.00 85.00 35.00 
-0.372426 -0.677746 -0.324872 7.00 8.00 28.00 
-0.489771 -0.283933 -0.341209 99.00 74.00 67.00 
-0.459239 -0.784674 -0.063265 126.00 136.00 138.00 
-0.472557 -0.287447 -0.363430 113.00 83.00 57.00 
-0.487633 -0.204821 -0.325523 64.00 48.00 75.00 
-0.489574 -0.299787 -0.345495 91.00 67.00 55.00 
-0.495218 -0.259986 -0.327041 115.00 79.00 45.00 
-0.461604 -0.544417 -0.359929 94.00 76.00 54.00 
-0.520978 -0.209013 -0.304349 72.00 47.00 40.00 
-0.528142 -0.185108 -0.292061 110.00 80.00 44.00 
-0.514510 -0.395275 -0.317590 86.00 60.00 45.00 
-0.531823 -0.398096 -0.270511 91.00 63.00 39.00 
-0.546920 -0.381975 -0.272909 94.00 59.00 27.00 
-0.559933 -0.208516 -0.247144 106.00 72.00 27.00 
-0.565660 -0.189804 -0.239911 116.00 78.00 33.00 
-0.574303 -0.167278 -0.217826 114.00 74.00 23.00 
-0.579235 -0.227870 -0.216623 118.00 85.00 54.00 
-0.588221 -0.239253 -0.202118 177.00 182.00 176.00 
-0.440746 -0.813920 -0.052676 118.00 134.00 147.00 
-0.536074 -0.143989 -0.262833 111.00 78.00 35.00 
-0.569342 -0.575358 -0.209749 148.00 159.00 165.00 
-0.479662 -0.814889 -0.002681 115.00 128.00 119.00 
-0.609377 -0.644085 -0.068029 72.00 78.00 102.00 
-0.609921 -0.799599 -0.011956 60.00 63.00 78.00 
-0.394962 -0.768384 -0.189493 44.00 60.00 93.00 
-0.478615 -0.624050 -0.082211 38.00 39.00 43.00 
-0.608475 -0.795405 -0.068238 75.00 80.00 100.00 
-0.211255 -0.609003 -0.278127 46.00 53.00 143.00 
-0.199535 -0.591055 -0.258299 55.00 63.00 146.00 
-0.526524 -0.466048 -0.291377 90.00 60.00 36.00 
-0.579089 -0.363376 -0.219115 187.00 197.00 188.00 
-0.523008 -0.537529 -0.283135 105.00 78.00 48.00 
-0.564305 -0.312996 -0.263431 130.00 94.00 42.00 
-0.546932 -0.544805 -0.274570 115.00 88.00 58.00 
-0.556075 -0.391311 -0.227094 152.00 156.00 155.00 
-0.555681 -0.571462 -0.232080 178.00 192.00 205.00 
-0.364043 -0.742764 -0.217528 118.00 145.00 190.00 
-0.584743 -0.640552 -0.220389 129.00 136.00 146.00 
-0.584645 -0.531217 -0.208742 174.00 185.00 191.00 
-0.575548 -0.599581 -0.252343 135.00 143.00 146.00 
-0.382496 -0.730953 -0.173667 101.00 116.00 181.00 
-0.392848 -0.665475 -0.124558 96.00 108.00 220.00 
0.000000 0.000000 NaN 189.00 195.00 185.00 
0.000000 0.000000 NaN 189.00 195.00 185.00 
0.000000 0.000000 NaN 189.00 195.00 185.00 
0.000000 0.000000 NaN 189.00 195.00 185.00 
0.000000 0.000000 NaN 189.00 195.00 185.00 
0.000000 0.000000 NaN 189.00 195.00 185.00 
0.000000 0.000000 NaN 189.00 195.00 185.00 
0.000000 0.000000 NaN 189.00 195.00 185.00 
0.000000 0.000000 NaN 189.00 195.00 185.00 
0.000000 0.000000 NaN 189.00 195.00 185.00 
0.000000 0.000000 NaN 189.00 195.00 185.00 
-0.421013 -0.673039 -0.234801 144.00 164.00 214.00 
-0.403370 -0.682778 -0.100713 142.00 153.00 173.00 
-0.481440 -0.632726 -0.314852 104.00 78.00 43.00 
-0.569953 -0.594256 -0.245205 154.00 165.00 167.00 
-0.207254 -0.605508 -0.295642 67.00 79.00 139.00 
-0.526232 -0.160001 -0.314717 115.00 79.00 43.00 
-0.503298 -0.268233 -0.335327 115.00 83.00 58.00 
-0.522457 -0.672436 -0.215466 62.00 61.00 95.00 
-0.488367 -0.662222 -0.332406 107.00 83.00 47.00 
-0.361415 -0.226859 -0.358913 98.00 96.00 219.00 
-0.362038 -0.154957 -0.384664 14.00 7.00 25.00 
-0.383776 -0.635632 -0.481592 95.00 106.00 198.00 
-0.504702 -0.103081 -0.315580 128.00 99.00 104.00 
-0.493278 -0.202478 -0.346486 73.00 53.00 78.00 
-0.484309 -0.299934 -0.375913 96.00 80.00 83.00 
-0.467813 -0.353876 -0.371128 64.00 55.00 76.00 
-0.477081 -0.322058 -0.356333 84.00 65.00 69.00 
-0.465981 -0.244529 -0.390700 77.00 59.00 71.00 
-0.427605 -0.546763 -0.378956 87.00 65.00 54.00 
-0.480680 -0.278547 -0.372327 88.00 70.00 84.00 
-0.575150 -0.174699 -0.251967 88.00 64.00 78.00 
-0.498482 -0.100863 -0.311037 136.00 109.00 92.00 
-0.485399 -0.299330 -0.376719 96.00 78.00 64.00 
-0.478091 -0.275934 -0.369393 86.00 63.00 55.00 
-0.332065 -0.144452 -0.377098 89.00 13.00 49.00 
-0.218572 -0.222471 -0.245668 172.00 197.00 254.00 
-0.459112 -0.154205 -0.392335 25.00 12.00 22.00 
-0.456554 -0.297461 -0.364918 102.00 88.00 87.00 
-0.253469 -0.152250 -0.348578 49.00 46.00 135.00 
-0.225543 -0.151037 -0.293593 79.00 53.00 116.00 
-0.366879 -0.173706 -0.358635 22.00 11.00 67.00 
-0.496284 -0.143489 -0.344907 103.00 79.00 92.00 
-0.449894 -0.324475 -0.407866 26.00 26.00 60.00 
-0.464324 -0.340352 -0.402247 68.00 57.00 74.00 
-0.489859 -0.243738 -0.343933 47.00 28.00 32.00 
-0.521892 -0.297963 -0.321811 92.00 64.00 60.00 
-0.526075 -0.345688 -0.311338 82.00 58.00 24.00 
-0.552526 -0.169833 -0.251838 111.00 82.00 86.00 
-0.325050 -0.147881 -0.376972 101.00 94.00 197.00 
-0.443616 -0.279406 -0.411848 71.00 59.00 73.00 
-0.476731 -0.153438 -0.378900 61.00 47.00 108.00 
-0.464271 -0.245365 -0.391070 93.00 76.00 92.00 
-0.402605 -0.331147 -0.328308 67.00 55.00 75.00 
-0.334046 -0.108885 -0.386117 73.00 13.00 47.00 
-0.491050 -0.249369 -0.344589 113.00 97.00 108.00 
-0.456639 -0.157264 -0.385500 56.00 35.00 76.00 
-0.441811 -0.280539 -0.419369 68.00 51.00 145.00 
-0.371848 -0.055987 -0.356084 104.00 20.00 56.00 
-0.489277 -0.080765 -0.356657 93.00 62.00 106.00 
-0.503721 -0.062422 -0.327005 172.00 140.00 151.00 
-0.332900 -0.149446 -0.380353 88.00 81.00 161.00 
-0.467840 -0.109357 -0.385709 50.00 27.00 47.00 
-0.220234 -0.229408 -0.252502 85.00 75.00 39.00 
-0.462560 -0.183376 -0.381849 63.00 45.00 93.00 
-0.535089 -0.130475 -0.348380 114.00 88.00 89.00 
-0.441481 -0.307637 -0.442033 93.00 77.00 78.00 
-0.324721 -0.573022 -0.601588 92.00 85.00 59.00 
-0.562491 -0.087908 -0.318166 147.00 113.00 112.00 
-0.475080 -0.156103 -0.376137 72.00 54.00 114.00 
-0.547385 -0.114661 -0.272018 128.00 95.00 90.00 
-0.502228 -0.266274 -0.327385 93.00 69.00 83.00 
-0.419554 0.013418 -0.390762 173.00 136.00 55.00 
-0.317156 -0.097046 -0.347159 79.00 14.00 54.00 
-0.488456 -0.054085 -0.338447 101.00 68.00 75.00 
-0.330723 -0.508389 -0.590783 76.00 71.00 51.00 
-0.477219 -0.263536 -0.362249 66.00 46.00 37.00 
-0.577870 -0.147707 -0.228055 101.00 71.00 47.00 
-0.254254 -0.128965 -0.347396 57.00 42.00 85.00 
-0.312184 -0.602791 -0.604905 53.00 54.00 108.00 
-0.247475 -0.144699 -0.340090 93.00 84.00 151.00 
-0.466924 -0.145585 -0.365424 47.00 25.00 63.00 
-0.481826 -0.127557 -0.363681 54.00 30.00 46.00 
-0.520301 -0.153648 -0.360439 116.00 93.00 103.00 
-0.470963 0.016896 -0.369507 82.00 42.00 32.00 
-0.203014 -0.145802 -0.391146 42.00 36.00 74.00 
-0.498894 -0.034156 -0.337703 152.00 110.00 94.00 
-0.444972 -0.206889 -0.412354 48.00 30.00 70.00 
-0.445541 -0.207649 -0.412060 58.00 38.00 87.00 
-0.141777 -0.167447 -0.531311 85.00 104.00 160.00 
-0.553793 0.021277 -0.250514 134.00 95.00 78.00 
-0.295775 -0.162814 -0.350143 93.00 83.00 170.00 
-0.277816 -0.551808 -0.694605 109.00 104.00 74.00 
-0.494953 -0.285284 -0.343176 76.00 54.00 40.00 
-0.395691 -0.320948 -0.309045 61.00 49.00 63.00 
-0.409540 -0.305859 -0.347313 43.00 28.00 31.00 
-0.333689 -0.107309 -0.384009 82.00 15.00 58.00 
-0.467508 -0.111754 -0.374975 73.00 53.00 125.00 
-0.576320 -0.146512 -0.220150 84.00 62.00 74.00 
-0.561767 0.020991 -0.257997 146.00 115.00 131.00 
-0.467390 -0.111849 -0.374984 68.00 53.00 120.00 
-0.561566 0.020918 -0.257638 142.00 110.00 131.00 
-0.443204 -0.278768 -0.413012 74.00 60.00 75.00 
-0.402739 -0.330403 -0.326700 60.00 49.00 63.00 
-0.334267 -0.108269 -0.390854 72.00 10.00 49.00 
-0.490676 -0.284799 -0.334842 65.00 47.00 73.00 
-0.472492 0.017122 -0.373563 96.00 57.00 52.00 
-0.461176 -0.467860 -0.396121 78.00 59.00 53.00 
-0.402648 -0.330656 -0.329130 60.00 51.00 70.00 
-0.334085 -0.108176 -0.385050 77.00 13.00 50.00 
-0.510268 -0.321753 -0.289233 72.00 47.00 40.00 
-0.571924 -0.260638 -0.227593 69.00 34.00 12.00 
-0.577035 -0.097491 -0.224247 105.00 64.00 44.00 
-0.588021 -0.108221 -0.198907 57.00 47.00 58.00 
-0.506525 -0.270755 -0.337789 124.00 87.00 42.00 
-0.532529 -0.247592 -0.280635 97.00 73.00 61.00 
-0.508256 -0.299755 -0.322883 88.00 70.00 84.00 
-0.569341 -0.300106 -0.242086 112.00 79.00 38.00 
-0.445617 -0.361738 -0.429496 53.00 40.00 86.00 
-0.583036 -0.224150 -0.215266 57.00 49.00 60.00 
-0.454144 -0.404829 -0.392178 66.00 53.00 73.00 
-0.559321 -0.300245 -0.251538 89.00 67.00 56.00 
-0.595758 -0.274543 -0.206760 178.00 187.00 182.00 
-0.554018 -0.324659 -0.261908 109.00 76.00 35.00 
-0.585790 -0.292527 -0.219098 168.00 172.00 171.00 
-0.512570 -0.375235 -0.311506 71.00 54.00 64.00 
-0.575489 -0.332631 -0.223953 140.00 146.00 146.00 
-0.552465 -0.380316 -0.273367 82.00 50.00 25.00 
-0.562530 -0.380471 -0.251068 97.00 68.00 34.00 
-0.575381 -0.311606 -0.227933 68.00 54.00 45.00 
-0.433787 -0.443195 -0.422890 34.00 20.00 33.00 
-0.596125 -0.335518 -0.210498 123.00 143.00 154.00 
-0.394368 -0.520691 -0.497092 91.00 89.00 196.00 
-0.435083 -0.608253 -0.431540 55.00 39.00 39.00 
-0.573496 -0.428171 -0.233906 58.00 64.00 78.00 
-0.511784 -0.492143 -0.283768 70.00 54.00 41.00 
-0.437645 -0.651100 -0.425689 59.00 44.00 37.00 
-0.590311 -0.424406 -0.195148 119.00 139.00 148.00 
-0.494429 -0.104284 -0.357426 50.00 26.00 62.00 
-0.495571 -0.084304 -0.344549 56.00 30.00 75.00 
-0.522069 -0.131697 -0.297076 85.00 53.00 28.00 
-0.579674 0.029013 -0.207476 116.00 89.00 72.00 
-0.462927 -0.053598 -0.387765 63.00 28.00 82.00 
-0.474160 -0.061447 -0.373962 29.00 9.00 20.00 
-0.445731 -0.081774 -0.412120 95.00 14.00 57.00 
-0.553167 -0.018983 -0.252142 123.00 76.00 32.00 
-0.458944 -0.081313 -0.391310 75.00 13.00 50.00 
-0.436423 -0.116984 -0.424656 90.00 16.00 49.00 
-0.533532 -0.087990 -0.294096 108.00 71.00 42.00 
-0.511925 -0.117251 -0.313347 104.00 74.00 38.00 
-0.542520 -0.107970 -0.266862 115.00 72.00 30.00 
-0.524276 -0.122881 -0.269584 100.00 76.00 90.00 
-0.482248 -0.173407 -0.363190 44.00 24.00 52.00 
-0.361251 -0.224135 -0.361262 10.00 0.00 8.00 
-0.446138 -0.141456 -0.408943 78.00 13.00 47.00 
-0.490782 -0.194982 -0.342958 45.00 25.00 36.00 
-0.560170 -0.264133 -0.257629 92.00 62.00 36.00 
-0.593109 0.125594 -0.206600 95.00 57.00 94.00 
-0.526520 -0.060689 -0.308209 147.00 108.00 127.00 
-0.574816 -0.029055 -0.231064 108.00 67.00 71.00 
-0.576683 -0.196318 -0.217887 84.00 50.00 25.00 
-0.552710 -0.165714 -0.253444 107.00 69.00 30.00 
-0.594607 -0.163060 -0.204675 127.00 127.00 125.00 
-0.479449 -0.323895 -0.366846 73.00 50.00 36.00 
-0.509599 -0.279074 -0.298881 70.00 46.00 46.00 
-0.571541 -0.283565 -0.226181 95.00 66.00 32.00 
-0.566727 -0.339420 -0.240685 106.00 76.00 40.00 
-0.463013 -0.181705 -0.387251 39.00 19.00 44.00 
-0.470222 -0.207225 -0.394026 48.00 29.00 59.00 
-0.466840 -0.310364 -0.385704 76.00 53.00 47.00 
-0.533827 -0.299833 -0.301625 77.00 55.00 44.00 
-0.422267 -0.138417 -0.452578 57.00 8.00 38.00 
-0.520403 -0.159285 -0.290199 96.00 66.00 64.00 
-0.562824 -0.359275 -0.250989 94.00 61.00 28.00 
-0.580778 -0.391407 -0.245741 104.00 76.00 36.00 
-0.466866 -0.509733 -0.389485 73.00 55.00 43.00 
-0.590848 -0.043449 -0.233134 87.00 40.00 34.00 
-0.474823 -0.272597 -0.369630 93.00 65.00 44.00 
-0.625201 -0.241838 -0.183468 162.00 170.00 172.00 
-0.568390 -0.398084 -0.232444 56.00 52.00 53.00 
-0.454781 -0.322723 -0.380436 79.00 64.00 69.00 
-0.564896 -0.220341 -0.232588 101.00 67.00 30.00 
-0.592857 -0.371029 -0.208388 153.00 162.00 161.00 
-0.579713 -0.381323 -0.217672 168.00 177.00 176.00 
-0.528312 -0.322227 -0.279516 69.00 39.00 28.00 
-0.561005 -0.465625 -0.240978 49.00 42.00 36.00 
-0.241386 -0.204645 -0.268693 157.00 163.00 239.00 
-0.439617 -0.301842 -0.438255 85.00 71.00 229.00 
-0.575248 -0.213217 -0.224065 75.00 47.00 25.00 
-0.559231 -0.262955 -0.247762 96.00 69.00 42.00 
-0.493544 -0.490059 -0.337564 72.00 49.00 43.00 
-0.443701 -0.466848 -0.430723 54.00 36.00 50.00 
-0.407566 -0.643286 -0.369753 49.00 47.00 122.00 
-0.510638 -0.576334 -0.310627 76.00 54.00 31.00 
-0.505809 -0.537545 -0.261104 58.00 37.00 18.00 
-0.446673 -0.510253 -0.307772 68.00 51.00 44.00 
-0.390418 -0.653814 -0.506821 108.00 83.00 164.00 
-0.588064 -0.457010 -0.230592 133.00 148.00 153.00 
-0.595583 -0.489856 -0.202455 152.00 164.00 164.00 
-0.557891 0.052979 -0.254373 130.00 92.00 73.00 
-0.519264 -0.001614 -0.301543 122.00 75.00 57.00 
-0.478296 -0.079459 -0.371538 52.00 28.00 64.00 
-0.554420 0.079807 -0.250054 89.00 41.00 29.00 
-0.494914 -0.005797 -0.349015 108.00 80.00 94.00 
-0.499116 -0.031797 -0.349085 64.00 36.00 61.00 
-0.431462 -0.168307 -0.434160 86.00 13.00 42.00 
-0.367383 -0.171975 -0.364830 84.00 10.00 43.00 
-0.503352 -0.136959 -0.323896 84.00 54.00 44.00 
-0.453702 -0.184082 -0.403000 22.00 6.00 16.00 
-0.455181 -0.209020 -0.403725 26.00 12.00 25.00 
-0.479151 -0.197405 -0.360379 42.00 21.00 36.00 
-0.461688 -0.235128 -0.395858 44.00 25.00 57.00 
-0.386891 -0.385532 -0.492320 122.00 98.00 246.00 
-0.546361 0.058859 -0.272094 127.00 85.00 73.00 
-0.572707 0.071373 -0.221747 130.00 89.00 97.00 
-0.572324 0.006932 -0.235190 111.00 65.00 29.00 
-0.486432 -0.003480 -0.360428 73.00 48.00 90.00 
-0.545131 -0.211158 -0.280804 86.00 55.00 26.00 
-0.505134 -0.044389 -0.317569 109.00 64.00 45.00 
-0.460867 -0.259419 -0.455283 4.00 3.00 9.00 
-0.456847 -0.105640 -0.391033 61.00 21.00 45.00 
-0.530521 -0.054850 -0.288906 120.00 77.00 34.00 
-0.428501 -0.240218 -0.425172 6.00 5.00 11.00 
-0.587741 -0.114176 -0.217419 95.00 61.00 26.00 
-0.544764 -0.040412 -0.268088 115.00 73.00 35.00 
-0.366447 -0.240204 -0.355713 114.00 104.00 226.00 
-0.459964 -0.396994 -0.369181 56.00 39.00 55.00 
-0.477312 -0.489239 -0.341177 61.00 42.00 35.00 
-0.449713 -0.319578 -0.409372 46.00 27.00 33.00 
-0.525663 -0.264794 -0.291288 111.00 77.00 39.00 
-0.491123 -0.372813 -0.372044 94.00 72.00 51.00 
-0.528781 0.052075 -0.280950 119.00 74.00 94.00 
-0.485508 -0.074306 -0.352136 57.00 32.00 74.00 
-0.537583 -0.077528 -0.283640 110.00 71.00 38.00 
-0.489316 -0.135137 -0.337513 75.00 47.00 46.00 
-0.546749 -0.067621 -0.249513 117.00 74.00 65.00 
-0.589398 -0.040450 -0.206193 97.00 54.00 22.00 
-0.563382 -0.087376 -0.249970 106.00 64.00 24.00 
-0.550912 -0.096444 -0.251284 107.00 69.00 56.00 
-0.573160 0.006363 -0.234991 116.00 75.00 53.00 
-0.449326 -0.267879 -0.402415 32.00 20.00 32.00 
-0.567279 -0.121169 -0.239695 95.00 56.00 23.00 
-0.560774 -0.129543 -0.247479 104.00 65.00 32.00 
-0.519533 -0.192799 -0.304236 92.00 62.00 34.00 
-0.319694 -0.558031 -0.588898 92.00 80.00 190.00 
-0.364178 -0.545892 -0.581967 80.00 73.00 150.00 
-0.540612 -0.236960 -0.269998 98.00 65.00 30.00 
-0.440447 -0.567620 -0.398352 70.00 52.00 40.00 
-0.463017 -0.547991 -0.359506 94.00 71.00 53.00 
-0.389142 -0.659472 -0.422719 114.00 133.00 212.00 
-0.442406 -0.550020 -0.427828 75.00 59.00 62.00 
-0.559226 -0.611140 -0.277339 61.00 39.00 18.00 
-0.546253 -0.146021 -0.266008 98.00 64.00 29.00 
-0.584734 0.007245 -0.212525 122.00 81.00 63.00 
-0.581164 0.103568 -0.205918 103.00 62.00 78.00 
-0.581842 0.096287 -0.221579 98.00 59.00 80.00 
-0.535028 0.028270 -0.283873 132.00 94.00 75.00 
-0.576430 -0.006179 -0.220449 100.00 56.00 27.00 
-0.582663 -0.011046 -0.210721 113.00 74.00 33.00 
-0.573802 0.088483 -0.229262 100.00 59.00 73.00 
-0.230840 -0.242416 -0.253196 186.00 169.00 188.00 
-0.501715 0.027528 -0.308230 134.00 94.00 86.00 
-0.490162 -0.052562 -0.348670 57.00 30.00 61.00 
-0.502280 -0.066049 -0.310654 107.00 73.00 72.00 
-0.538504 -0.055589 -0.279711 119.00 72.00 28.00 
-0.591771 -0.027346 -0.199027 75.00 51.00 47.00 
-0.565469 -0.168690 -0.246718 102.00 63.00 30.00 
-0.588808 -0.144124 -0.206799 47.00 40.00 47.00 
-0.544800 -0.241356 -0.259522 109.00 77.00 39.00 
-0.547283 -0.287773 -0.259378 123.00 89.00 43.00 
-0.501369 -0.680733 -0.341273 50.00 31.00 27.00 
-0.452518 -0.747356 -0.345967 32.00 24.00 81.00 
-0.594190 -0.369406 -0.217389 176.00 182.00 180.00 
-0.584726 -0.517483 -0.198484 141.00 155.00 155.00 
-0.566881 -0.576885 -0.233656 107.00 116.00 121.00 
-0.425380 -0.770009 -0.326053 41.00 42.00 90.00 
-0.586585 -0.563613 -0.198356 144.00 160.00 160.00 
-0.584295 -0.590333 -0.213882 134.00 148.00 148.00 
-0.588334 -0.304051 -0.203268 174.00 185.00 181.00 
-0.423766 -0.673030 -0.423702 35.00 27.00 64.00 
-0.486841 0.015805 -0.343102 124.00 91.00 98.00 
-0.541853 0.081814 -0.273085 95.00 47.00 45.00 
-0.524524 -0.086771 -0.304409 119.00 80.00 41.00 
-0.521556 -0.002261 -0.305420 123.00 77.00 61.00 
-0.582976 0.044046 -0.195711 126.00 89.00 60.00 
-0.441898 -0.350656 -0.436047 53.00 47.00 109.00 
-0.573551 -0.070225 -0.244664 130.00 90.00 54.00 
-0.542916 -0.340646 -0.276835 103.00 68.00 36.00 
-0.457951 -0.503337 -0.306283 87.00 63.00 51.00 
-0.534324 -0.688929 -0.296768 119.00 129.00 154.00 
-0.435649 -0.704345 -0.240771 129.00 147.00 195.00 
-0.594226 -0.647061 -0.225394 118.00 132.00 141.00 
-0.481810 -0.684265 -0.224787 139.00 162.00 194.00 
-0.503451 0.066048 -0.308748 101.00 57.00 48.00 
-0.501258 0.004253 -0.333731 134.00 100.00 101.00 
-0.485750 -0.019243 -0.348110 59.00 30.00 61.00 
-0.273443 -0.151321 -0.297554 81.00 10.00 44.00 
-0.562080 0.060612 -0.245412 139.00 96.00 77.00 
-0.503014 -0.057387 -0.327820 98.00 59.00 54.00 
-0.546051 0.001250 -0.267776 127.00 85.00 47.00 
-0.569395 0.055863 -0.225642 127.00 83.00 56.00 
-0.557333 -0.006423 -0.263607 123.00 81.00 43.00 
-0.473060 -0.152513 -0.375526 44.00 22.00 60.00 
-0.550128 -0.008720 -0.255909 117.00 70.00 26.00 
-0.567538 -0.022713 -0.221947 93.00 49.00 14.00 
-0.595805 -0.203802 -0.203894 174.00 180.00 176.00 
-0.592519 -0.260701 -0.222608 192.00 202.00 193.00 
-0.615389 -0.211987 -0.077397 159.00 164.00 167.00 
-0.247470 -0.178393 -0.271689 77.00 34.00 116.00 
-0.558024 -0.260078 -0.255333 119.00 84.00 42.00 
-0.566072 -0.608575 -0.219497 125.00 134.00 143.00 
-0.544624 -0.464350 -0.273914 103.00 76.00 49.00 
-0.487242 -0.356552 -0.316199 83.00 55.00 43.00 
-0.562484 -0.218591 -0.233738 123.00 89.00 44.00 
-0.571608 -0.260684 -0.231875 101.00 78.00 60.00 
-0.565903 -0.421984 -0.254018 113.00 84.00 50.00 
-0.530064 -0.507053 -0.282555 111.00 81.00 53.00 
-0.368958 -0.195599 -0.355000 83.00 51.00 158.00 
-0.513319 -0.445151 -0.348657 94.00 66.00 52.00 
-0.497204 -0.669157 -0.263820 153.00 167.00 193.00 
-0.580836 -0.600131 -0.248931 169.00 180.00 182.00 
-0.449595 -0.732292 -0.330983 19.00 15.00 32.00 
-0.488497 -0.140683 -0.377350 117.00 82.00 52.00 
-0.476392 -0.271678 -0.333174 123.00 82.00 50.00 
-0.329999 -0.717325 -0.267551 81.00 94.00 164.00 
-0.504185 -0.394363 -0.345295 101.00 68.00 49.00 
-0.383379 -0.723226 -0.292388 75.00 71.00 166.00 
-0.334545 -0.719538 -0.264809 59.00 65.00 113.00 
-0.409053 -0.695883 -0.172150 165.00 189.00 217.00 
-0.506525 -0.270755 -0.337789 128.00 93.00 51.00 
-0.439446 -0.683708 -0.213283 105.00 125.00 136.00 
-0.375274 -0.718086 -0.411412 67.00 72.00 156.00 
-0.375486 -0.095839 -0.327108 54.00 32.00 34.00 
-0.202121 -0.584765 -0.283289 64.00 68.00 159.00 
-0.221481 -0.631924 -0.183963 62.00 82.00 106.00 
-0.277229 -0.688786 -0.209341 90.00 114.00 142.00 
-0.433575 -0.734387 -0.295363 109.00 117.00 179.00 
-0.254316 -0.655967 -0.125883 147.00 177.00 187.00 
