# Created at Tue May 27 14:09:12 GMT+09:00 2025 in Burnaby Canada 
471258603774059 -0.362657 0.066432 0.018250 0.929373 -0.008226 0.016570 0.012422 
471258637276012 -0.361836 0.070280 0.020629 0.929360 -0.010208 0.018000 0.013456 
471258670777721 -0.357494 0.073811 0.021905 0.930736 -0.012050 0.019709 0.014968 
471258702896459 -0.355468 0.077525 0.022330 0.931200 -0.012500 0.022459 0.017553 
471258736398412 -0.355259 0.084288 0.025850 0.930601 -0.014541 0.023838 0.019086 
471258769900121 -0.353855 0.091479 0.028681 0.930374 -0.016654 0.025495 0.020793 
471258803804370 -0.350362 0.099925 0.031632 0.930731 -0.020053 0.028960 0.023533 
471258837306323 -0.347484 0.109132 0.034465 0.930676 -0.023182 0.031232 0.026119 
471258870812590 -0.342389 0.123750 0.036549 0.930656 -0.026915 0.033623 0.029164 
471258904170393 -0.339620 0.144831 0.040143 0.928478 -0.031759 0.035992 0.032564 
471258937672346 -0.334962 0.166861 0.045090 0.926242 -0.036787 0.038070 0.036229 
471258970524803 -0.328306 0.191496 0.050395 0.923582 -0.043146 0.040492 0.041590 
471259004026512 -0.320833 0.217144 0.056051 0.920203 -0.049700 0.042562 0.046609 
471259037528465 -0.314517 0.244460 0.063917 0.915004 -0.057123 0.044195 0.052025 
471259071030174 -0.311752 0.279793 0.072927 0.905101 -0.065559 0.045570 0.058307 
471259104323709 -0.304168 0.313570 0.081184 0.895860 -0.074589 0.047127 0.066568 
471259137825662 -0.298409 0.352308 0.092665 0.882182 -0.084676 0.048809 0.075075 
471259171438544 -0.295897 0.393810 0.105813 0.863807 -0.097087 0.050113 0.084758 
471259204940253 -0.290882 0.436821 0.118349 0.842952 -0.107248 0.051482 0.094208 
471259238442206 -0.282210 0.475796 0.125575 0.823533 -0.115846 0.053626 0.103228 
471259272031264 -0.270969 0.506829 0.126041 0.808587 -0.121957 0.056577 0.111153 
471259305532973 -0.262638 0.531630 0.124284 0.795578 -0.128224 0.059186 0.116968 
471259339034926 -0.258532 0.551421 0.120954 0.783879 -0.133859 0.061666 0.121177 
471259372536635 -0.256713 0.567588 0.117257 0.773430 -0.138791 0.063983 0.124558 
471259406074272 -0.256811 0.578486 0.114397 0.765713 -0.142146 0.065255 0.126039 
471259444579028 -0.254858 0.583790 0.112655 0.762591 -0.146093 0.067268 0.129139 
471259478039120 -0.252450 0.586832 0.111920 0.761164 -0.148763 0.067639 0.133137 
471259511540829 -0.251035 0.587387 0.112722 0.761086 -0.150804 0.068679 0.135741 
471259545042782 -0.248754 0.584676 0.113719 0.763769 -0.152023 0.069720 0.138182 
471259578538760 -0.244369 0.578857 0.114494 0.769480 -0.156297 0.070193 0.143101 
471259612040469 -0.242111 0.571639 0.114940 0.775500 -0.156549 0.071219 0.145201 
471259645542423 -0.239826 0.556773 0.114636 0.786986 -0.156141 0.072667 0.146538 
471259679044132 -0.235882 0.531055 0.112653 0.806009 -0.154774 0.074983 0.146946 
471259712872413 -0.234357 0.494582 0.103404 0.830526 -0.115407 0.077768 0.133771 
471259746374366 -0.226263 0.442027 0.097056 0.862553 -0.108780 0.081727 0.130512 
471259779876075 -0.218494 0.373858 0.088603 0.897017 -0.101200 0.086180 0.126338 
471259813112082 -0.215120 0.305495 0.077242 0.924354 -0.088265 0.090081 0.119792 
471259846614035 -0.212863 0.242967 0.066225 0.944071 -0.080389 0.093392 0.115877 
471259880115744 -0.216512 0.192290 0.057046 0.955454 -0.072941 0.095575 0.112122 
471259913492554 -0.220399 0.148548 0.048976 0.962787 -0.065375 0.096420 0.108765 
471259946994507 -0.219409 0.114920 0.040515 0.967994 -0.058285 0.097277 0.107409 
471259980496216 -0.218347 0.093986 0.032832 0.970780 -0.051859 0.097457 0.106537 
471260014020526 -0.218834 0.076910 0.027961 0.972324 -0.046241 0.097023 0.106049 
471260047522479 -0.220553 0.061874 0.024478 0.973103 -0.041662 0.096175 0.105313 
471260081024188 -0.221244 0.044252 0.023139 0.973939 -0.037774 0.095195 0.104868 
471260114530162 -0.223532 0.023033 0.023513 0.974141 -0.034976 0.093676 0.104070 
471260148032115 -0.227826 0.000752 0.024106 0.973403 -0.032729 0.092037 0.102794 
471260181533824 -0.232191 -0.017882 0.024920 0.972186 -0.030954 0.090238 0.101344 
471260214742858 -0.239689 -0.030361 0.026693 0.970008 -0.033766 0.086945 0.098532 
471260248244811 -0.248064 -0.037401 0.026996 0.967645 -0.032983 0.084320 0.096113 
471260281746520 -0.256142 -0.035621 0.026439 0.965621 -0.032521 0.081675 0.093585 
471260315315461 -0.262538 -0.028591 0.024585 0.964185 -0.030239 0.078684 0.090453 
471260348817414 -0.270137 -0.021586 0.022664 0.962313 -0.030202 0.076084 0.087701 
471260382319123 -0.277771 -0.014422 0.020851 0.960313 -0.030480 0.073795 0.085262 
471260415985812 -0.283813 -0.007398 0.020111 0.958640 -0.025813 0.071115 0.084034 
471260449487765 -0.288844 -0.005101 0.020879 0.957135 -0.026526 0.069690 0.082753 
471260482989474 -0.290928 -0.002549 0.021863 0.956492 -0.027550 0.068789 0.082151 
471260517101267 -0.290193 0.005920 0.019936 0.956742 -0.020375 0.065864 0.080195 
471260550603220 -0.290274 0.008496 0.020657 0.956683 -0.021074 0.065156 0.079631 
471260584029759 -0.288992 0.013536 0.019780 0.957031 -0.018885 0.061146 0.077233 
471260617531468 -0.290144 0.014718 0.020270 0.956655 -0.019393 0.060368 0.076365 
471260651033422 -0.292093 0.016530 0.020543 0.956026 -0.019991 0.059579 0.075428 
471260684555617 -0.292618 0.021898 0.019843 0.955773 -0.020340 0.059039 0.074891 
471260718057325 -0.292918 0.026155 0.019053 0.955590 -0.020909 0.058145 0.073936 
