# Created at Thu May 29 15:28:12 GMT+09:00 2025 in Burnaby Canada 
648798054239489 0.000000 0.000000 -0.707107 0.707107 0.000000 0.000000 0.000000 
648798245244626 0.000000 0.000000 -0.707107 0.707107 0.000000 0.000000 0.000000 
648798278746579 0.000000 0.000000 -0.707107 0.707107 0.000000 0.000000 0.000000 
648798312248288 0.000000 0.000000 -0.707107 0.707107 0.000000 0.000000 0.000000 
648798379251950 0.000000 0.000000 -0.707107 0.707107 0.000000 0.000000 0.000000 
648798412753659 0.000000 0.000000 -0.707107 0.707107 0.000000 0.000000 0.000000 
648798446255368 0.000000 0.000000 -0.707107 0.707107 0.000000 0.000000 0.000000 
648798479757321 0.000000 0.000000 -0.707107 0.707107 0.000000 0.000000 0.000000 
648798513259030 0.057188 0.063206 0.707765 -0.701287 0.011976 0.009821 -0.014733 
648798546121805 0.057039 0.058963 0.712744 -0.696611 0.013583 0.008424 -0.014166 
648798579623758 0.057540 0.057177 0.713711 -0.695728 0.015164 0.007847 -0.014184 
648798646627176 0.057748 0.055050 0.714402 -0.695172 0.018527 0.006082 -0.014668 
648798680748818 0.060685 0.056075 0.716044 -0.693148 0.015493 0.007721 -0.020890 
648798714250527 0.061850 0.054977 0.716495 -0.692667 0.017631 0.006300 -0.022031 
648798747764462 0.064418 0.056784 0.715821 -0.692983 0.018087 0.006536 -0.023138 
648798781266415 0.065715 0.057610 0.716822 -0.691758 0.020311 0.005021 -0.024696 
648798814926978 0.063845 0.058751 0.717533 -0.691100 0.022623 0.003535 -0.025851 
648798848269833 0.061402 0.059867 0.717605 -0.691150 0.024944 0.002015 -0.026848 
648798882413435 0.058720 0.063062 0.715290 -0.693495 0.020693 0.002718 -0.027073 
648798915915144 0.056954 0.064786 0.714380 -0.694421 0.021971 0.001432 -0.028349 
648798950029618 0.054469 0.066690 0.712120 -0.696758 0.017917 0.002440 -0.027760 
648798983531571 0.053179 0.067419 0.711266 -0.697659 0.017948 0.001295 -0.028866 
648799017033280 0.049517 0.069152 0.710660 -0.698375 0.017752 0.000018 -0.029757 
648799050534989 0.045476 0.071535 0.710230 -0.698847 0.017271 -0.001432 -0.030606 
648799085446113 0.040675 0.072284 0.708930 -0.700385 0.017923 -0.003043 -0.027276 
648799118947822 0.035386 0.076914 0.708486 -0.700628 0.016834 -0.004368 -0.027801 
648799152449531 0.033481 0.080625 0.708489 -0.700302 0.015752 -0.005749 -0.028400 
648799186130463 0.032656 0.084734 0.708892 -0.699447 0.011425 -0.003204 -0.028456 
648799219632171 0.031751 0.088657 0.709798 -0.698082 0.010279 -0.003913 -0.029164 
648799253133880 0.029557 0.094370 0.710962 -0.696243 0.009537 -0.004337 -0.029629 
648799286693361 0.027566 0.102565 0.712262 -0.693833 0.007206 -0.000056 -0.031707 
648799320195070 0.023985 0.106686 0.713559 -0.692009 0.007448 0.000249 -0.031873 
648799353764609 0.019878 0.110474 0.713863 -0.691231 0.007142 0.000261 -0.032724 
648799387266562 0.014896 0.113411 0.713685 -0.691064 0.007958 0.000333 -0.032908 
648799420768271 0.011715 0.116024 0.713881 -0.690489 0.009127 0.000090 -0.033260 
648799455012021 0.012140 0.125856 0.714480 -0.688136 0.005586 0.000715 -0.038115 
648799488513974 0.009824 0.129770 0.715013 -0.686892 0.006723 -0.000146 -0.038772 
648799522015683 0.007960 0.132428 0.715456 -0.685947 0.007834 -0.001152 -0.039166 
648799588695143 0.008506 0.136591 0.719349 -0.681034 0.008668 -0.001865 -0.042310 
648799622196852 0.009279 0.136602 0.720182 -0.680141 0.009604 -0.002631 -0.043134 
648799655454138 0.009274 0.137314 0.721277 -0.678836 0.010081 -0.002973 -0.044111 
648799688956091 0.010055 0.137495 0.722045 -0.677971 0.010728 -0.003494 -0.044458 
648799722457800 0.011485 0.133698 0.723231 -0.677444 0.011224 -0.003963 -0.044334 
648799755911192 0.011333 0.130611 0.725232 -0.675908 0.011866 -0.004325 -0.044632 
648799822914854 0.012704 0.135684 0.728151 -0.671732 0.014526 -0.006444 -0.044821 
648799856416563 0.014777 0.138056 0.728918 -0.670374 0.016273 -0.007949 -0.044496 
648799889405986 0.015074 0.139499 0.732066 -0.666627 0.017979 -0.008520 -0.046142 
648799922907695 0.015505 0.140012 0.731502 -0.667129 0.019278 -0.009882 -0.045558 
648799956409404 0.017353 0.140473 0.730166 -0.668449 0.020380 -0.011128 -0.045348 
648799989663182 0.017176 0.140684 0.728613 -0.670101 0.021223 -0.011665 -0.045689 
648800023164891 0.016981 0.141365 0.728232 -0.670377 0.022395 -0.012414 -0.045929 
648800056348792 0.018107 0.141758 0.728600 -0.669865 0.023020 -0.013017 -0.046646 
648800089850745 0.021639 0.143079 0.729343 -0.668670 0.024353 -0.013533 -0.048026 
648800123352454 0.026122 0.144853 0.729931 -0.667485 0.026074 -0.013861 -0.049934 
648800190290446 0.039414 0.148294 0.729689 -0.666340 0.029806 -0.013232 -0.057033 
648800223792155 0.051842 0.157342 0.728156 -0.665090 0.032418 -0.014733 -0.062366 
648800257438333 0.070350 0.171383 0.722129 -0.666490 0.028425 -0.015418 -0.070707 
648800290940287 0.086863 0.176513 0.716092 -0.669709 0.029376 -0.018198 -0.077067 
648800324441996 0.094379 0.174987 0.716168 -0.669011 0.031257 -0.019889 -0.081595 
648800357943705 0.097902 0.166612 0.716500 -0.670286 0.031964 -0.020741 -0.085044 
648800391470098 0.100275 0.157081 0.716842 -0.671869 0.029598 -0.020942 -0.088299 
648800424971807 0.108229 0.143206 0.719507 -0.670886 0.029460 -0.021098 -0.091038 
648800458473516 0.115236 0.126115 0.720991 -0.671556 0.028165 -0.021185 -0.092967 
648800491935352 0.123065 0.111702 0.723130 -0.670418 0.026593 -0.020382 -0.095398 
648800525437061 0.119942 0.114295 0.723981 -0.669629 0.027750 -0.020718 -0.097459 
648800558938770 0.107228 0.129309 0.721652 -0.671566 0.029079 -0.020854 -0.099708 
648800592843695 0.085050 0.150346 0.711317 -0.681315 0.028826 -0.020233 -0.101853 
648800626345404 0.062218 0.161035 0.699456 -0.693511 0.027489 -0.018575 -0.102210 
648800659847113 0.045309 0.174080 0.689664 -0.701432 0.025972 -0.017275 -0.103145 
648800693562471 0.038838 0.182730 0.683272 -0.705862 0.023509 -0.015785 -0.106151 
648800727064180 0.040349 0.182427 0.679431 -0.709554 0.022357 -0.014439 -0.108713 
648800760565889 0.048233 0.177514 0.677879 -0.711788 0.021812 -0.013113 -0.111643 
648800794034445 0.057815 0.169718 0.678351 -0.712526 0.021025 -0.012347 -0.113890 
648800827536154 0.066568 0.163459 0.678905 -0.712697 0.021585 -0.011342 -0.115798 
648800861037863 0.075663 0.158266 0.678675 -0.713182 0.022075 -0.010400 -0.117031 
648800894575609 0.080672 0.157599 0.677245 -0.714139 0.021791 -0.009798 -0.117344 
648800928077318 0.080853 0.156968 0.677607 -0.713914 0.022429 -0.008974 -0.116181 
648800961579027 0.082351 0.153981 0.679511 -0.712582 0.023229 -0.008287 -0.114639 
648800994464544 0.085870 0.148119 0.681260 -0.711739 0.017838 -0.004872 -0.121755 
648801027966253 0.088606 0.139698 0.684421 -0.710071 0.018412 -0.004153 -0.119919 
648801061467962 0.089852 0.136221 0.685729 -0.709328 0.018804 -0.003476 -0.117990 
648801094768718 0.086940 0.137104 0.685231 -0.710002 0.014627 -0.001841 -0.118851 
648801128270427 0.084813 0.139324 0.684619 -0.710417 0.014522 -0.001162 -0.117268 
648801161730501 0.086910 0.140297 0.685887 -0.708747 0.014064 -0.001041 -0.117241 
648801195232454 0.091600 0.140700 0.688014 -0.706010 0.013884 -0.001054 -0.116908 
648801228734163 0.096061 0.140474 0.689219 -0.704284 0.013436 -0.001100 -0.116727 
648801262231436 0.099356 0.140465 0.688527 -0.704506 0.012419 -0.001308 -0.118517 
648801295733145 0.094493 0.143985 0.684913 -0.707979 0.012229 -0.001044 -0.117220 
648801329234854 0.084828 0.151822 0.679926 -0.712359 0.013169 -0.000817 -0.115444 
648801362082123 0.080756 0.158865 0.674825 -0.716137 0.016935 -0.002298 -0.119741 
648801395584077 0.078711 0.166584 0.671741 -0.717508 0.021398 -0.002826 -0.118253 
648801429085786 0.078862 0.175185 0.671849 -0.715339 0.028056 -0.003579 -0.116423 
648801462587739 0.081112 0.179628 0.674114 -0.711846 0.036124 -0.004245 -0.113808 
648801495875150 0.084174 0.180079 0.676974 -0.708655 0.044601 -0.005487 -0.118557 
648801529376859 0.083307 0.179472 0.682328 -0.703760 0.054573 -0.005943 -0.113453 
648801562878812 0.074888 0.182597 0.687411 -0.698940 0.064985 -0.006470 -0.106498 
648801596254429 0.058536 0.191854 0.690992 -0.694475 0.075492 -0.007115 -0.099738 
648801629756138 0.035285 0.205437 0.694480 -0.688657 0.086689 -0.008282 -0.089713 
648801663258091 0.017941 0.219519 0.698394 -0.680981 0.098113 -0.010379 -0.080186 
648801696671863 0.001561 0.233552 0.702087 -0.672699 0.109140 -0.012888 -0.070484 
648801730173572 -0.018241 0.248358 0.704574 -0.664501 0.119750 -0.015520 -0.060679 
648801763554774 -0.035953 0.262488 0.706977 -0.655738 0.129338 -0.019110 -0.051708 
648801797056483 -0.054595 0.277929 0.707206 -0.647792 0.138926 -0.021945 -0.042890 
648801830558192 -0.068390 0.291481 0.707501 -0.640159 0.148321 -0.024763 -0.034890 
648801863998818 -0.077581 0.301285 0.709554 -0.632251 0.158810 -0.027700 -0.027495 
648801897500527 -0.090630 0.315540 0.709728 -0.623304 0.169065 -0.030414 -0.019159 
648801931002236 -0.106900 0.333310 0.709404 -0.611737 0.180010 -0.033105 -0.009785 
648801964498094 -0.123651 0.354188 0.708110 -0.598199 0.191932 -0.035093 0.000384 
648801997999803 -0.144391 0.373988 0.704715 -0.585372 0.203172 -0.036566 0.011250 
648802031501512 -0.166451 0.390882 0.701416 -0.572294 0.215190 -0.037549 0.022778 
648802064997699 -0.187616 0.408896 0.697245 -0.558080 0.227904 -0.037937 0.034947 
648802098499408 -0.204687 0.423137 0.694931 -0.544177 0.242057 -0.038155 0.046869 
648802132001117 -0.221894 0.431738 0.692191 -0.534076 0.256681 -0.037848 0.058948 
648802165503070 -0.239366 0.438896 0.688211 -0.525776 0.272323 -0.037743 0.070492 
648802198958944 -0.254700 0.444931 0.685679 -0.516728 0.289102 -0.038175 0.082040 
648802232460653 -0.268418 0.449528 0.683481 -0.508655 0.308223 -0.039324 0.091322 
648802266040340 -0.278524 0.454222 0.680807 -0.502601 0.329483 -0.040680 0.099727 
648802299542049 -0.283179 0.460696 0.680203 -0.494867 0.354676 -0.043392 0.104765 
648802333043758 -0.282616 0.468541 0.681604 -0.485812 0.383509 -0.046794 0.107745 
648802366779337 -0.276067 0.471153 0.687973 -0.478012 0.415598 -0.050787 0.112229 
648802400281046 -0.267412 0.469956 0.696848 -0.471206 0.449153 -0.054708 0.113284 
648802433782754 -0.260325 0.471559 0.704885 -0.461520 0.483446 -0.057960 0.114047 
648802467301413 -0.261049 0.478909 0.706266 -0.451319 0.515408 -0.058449 0.117624 
648802500803122 -0.271148 0.483914 0.701163 -0.447969 0.543773 -0.055460 0.120716 
648802534304831 -0.276283 0.487786 0.699235 -0.443625 0.570755 -0.050682 0.123883 
648802567819118 -0.275474 0.493813 0.701352 -0.434014 0.596136 -0.043796 0.129006 
648802601320827 -0.271155 0.498358 0.707212 -0.421860 0.619697 -0.034501 0.134363 
648802634822536 -0.261108 0.498662 0.716649 -0.411792 0.641303 -0.022470 0.140428 
648802668312166 -0.249788 0.494369 0.725503 -0.408474 0.661065 -0.006958 0.148654 
648802701813875 -0.244639 0.492638 0.728987 -0.407477 0.678748 0.011570 0.154788 
648802735315584 -0.236704 0.493620 0.732085 -0.405416 0.695869 0.032070 0.159849 
648802768702781 -0.226330 0.495441 0.734691 -0.404404 0.713067 0.053711 0.167525 
648802802204490 -0.215441 0.499207 0.736902 -0.401687 0.727941 0.075631 0.169791 
648802835706199 -0.207572 0.506060 0.736273 -0.398395 0.741546 0.097618 0.170286 
648802869208152 -0.203146 0.516505 0.731475 -0.396105 0.753806 0.119554 0.168830 
648802902718839 -0.198054 0.527107 0.724413 -0.397692 0.766500 0.140976 0.172037 
648802936220548 -0.190749 0.536022 0.717142 -0.402495 0.778139 0.161574 0.165794 
648802969722501 -0.181520 0.540006 0.711616 -0.411153 0.789893 0.181208 0.156930 
648803003325066 -0.173862 0.538545 0.706753 -0.424548 0.801975 0.200065 0.162130 
648803036826775 -0.167370 0.536699 0.701835 -0.437458 0.813030 0.216882 0.150211 
648803070328728 -0.160049 0.534254 0.699091 -0.447470 0.824115 0.231326 0.137136 
648803103932434 -0.155841 0.532534 0.696400 -0.455136 0.835403 0.243882 0.134403 
648803137434143 -0.152221 0.531321 0.695721 -0.458802 0.846048 0.253836 0.121421 
648803170936096 -0.149625 0.532436 0.694665 -0.459962 0.855962 0.261783 0.108083 
648803204453630 -0.148593 0.532718 0.693965 -0.461024 0.868322 0.267845 0.099848 
648803237955339 -0.145416 0.526612 0.696740 -0.464852 0.876716 0.273236 0.086153 
648803271386640 -0.138357 0.516309 0.702189 -0.470333 0.893014 0.275711 0.074682 
648803304888349 -0.127777 0.503189 0.709251 -0.476905 0.903110 0.277828 0.058917 
648803338390058 -0.113408 0.488433 0.716937 -0.484327 0.913933 0.278390 0.041130 
648803371892011 -0.097841 0.476167 0.722517 -0.491591 0.924952 0.277516 0.020879 
648803405340627 -0.080340 0.467881 0.725958 -0.497612 0.943791 0.274563 0.001797 
648803438842336 -0.066141 0.463199 0.725317 -0.504963 0.953960 0.272719 -0.023257 
648803472344290 -0.054361 0.459823 0.723108 -0.512564 0.962698 0.270986 -0.050529 
648803505784942 -0.037422 0.450602 0.724283 -0.520549 0.990923 0.266468 -0.072733 
648803539286651 -0.020602 0.440770 0.724582 -0.529413 0.997815 0.265832 -0.102714 
648803572492433 -0.004802 0.428378 0.723624 -0.541144 1.028560 0.264048 -0.130300 
648803605994142 0.004294 0.413241 0.722363 -0.554442 1.034063 0.267231 -0.160065 
648803639495851 0.019594 0.408869 0.720619 -0.559599 1.039267 0.270215 -0.189197 
648803672997804 0.047506 0.404431 0.717795 -0.564755 1.041465 0.273418 -0.217705 
648803706752603 0.064057 0.390082 0.712808 -0.579342 1.065685 0.274508 -0.245330 
648803740254312 0.066493 0.380550 0.706396 -0.593098 1.066138 0.279842 -0.269585 
648803773493024 0.071328 0.381629 0.701462 -0.597681 1.073178 0.280552 -0.291334 
648803806994733 0.082501 0.376999 0.700985 -0.599738 1.075699 0.283400 -0.313264 
648803840496442 0.096540 0.364310 0.701523 -0.604833 1.078923 0.285523 -0.335238 
648803873998395 0.109532 0.350234 0.701205 -0.611269 1.082835 0.286487 -0.357927 
648803907315784 0.121571 0.337737 0.700726 -0.616552 1.087136 0.286470 -0.379634 
648803940817493 0.134403 0.327545 0.700353 -0.619803 1.092337 0.285864 -0.403497 
648803974286104 0.146027 0.319479 0.699124 -0.622764 1.098426 0.283622 -0.426246 
648804007787813 0.151142 0.313189 0.696128 -0.628072 1.104760 0.283163 -0.450446 
648804041289522 0.154423 0.306395 0.692836 -0.634235 1.111635 0.283283 -0.475110 
648804074810797 0.157072 0.296705 0.690263 -0.640962 1.117933 0.281780 -0.497179 
648804108312506 0.160399 0.285439 0.689140 -0.646439 1.125395 0.283288 -0.522063 
648804141814215 0.167189 0.273277 0.690213 -0.648825 1.133535 0.285247 -0.547367 
648804175316168 0.177488 0.270308 0.689067 -0.648551 1.141939 0.287597 -0.573077 
648804208846067 0.192213 0.269019 0.686075 -0.648062 1.149059 0.284556 -0.595376 
648804242347776 0.202604 0.251871 0.686774 -0.651041 1.153987 0.289984 -0.619022 
648804275849729 0.204040 0.225380 0.689797 -0.657078 1.156926 0.296300 -0.642692 
648804308999533 0.205734 0.203074 0.691843 -0.661656 1.159917 0.293072 -0.662712 
648804342501242 0.210445 0.192027 0.691250 -0.664087 1.159914 0.296361 -0.689425 
648804376003195 0.214333 0.185705 0.689122 -0.666847 1.158765 0.298612 -0.716693 
648804409264538 0.214928 0.177986 0.686843 -0.671099 1.158379 0.296436 -0.742013 
648804442766247 0.214243 0.166756 0.685325 -0.675738 1.156147 0.296622 -0.770235 
648804476165927 0.212022 0.156743 0.683644 -0.680521 1.153355 0.295336 -0.796342 
648804509667636 0.209431 0.146925 0.682131 -0.685018 1.150423 0.294001 -0.825547 
648804543169345 0.206063 0.140569 0.679518 -0.689952 1.147480 0.292466 -0.855481 
648804576524104 0.201250 0.136908 0.677403 -0.694176 1.140671 0.290575 -0.871580 
648804610025813 0.192924 0.131801 0.678925 -0.696038 1.138666 0.290842 -0.901676 
648804643527522 0.192193 0.135183 0.680247 -0.694299 1.136840 0.291232 -0.933847 
648804677029475 0.204371 0.147543 0.676194 -0.692261 1.134477 0.291988 -0.966934 
648804710299363 0.214096 0.157089 0.670888 -0.692383 1.130653 0.294499 -0.992239 
648804743801316 0.207899 0.157936 0.671236 -0.693741 1.129739 0.299114 -1.019105 
648804777301845 0.194330 0.154429 0.676425 -0.693424 1.130830 0.303831 -1.044306 
648804811390730 0.186827 0.150619 0.682966 -0.689904 1.122129 0.304560 -1.043795 
648804844892683 0.189133 0.146334 0.687783 -0.685397 1.124359 0.306834 -1.069153 
648804878394392 0.190761 0.144019 0.688754 -0.684461 1.126375 0.308655 -1.094320 
648804912412701 0.184852 0.143643 0.688114 -0.686801 1.126675 0.306301 -1.113902 
648804945914654 0.177009 0.143022 0.688476 -0.688631 1.130230 0.307453 -1.139192 
648804979416363 0.171226 0.142609 0.690082 -0.688572 1.134584 0.307893 -1.165857 
648805012998415 0.168811 0.142149 0.691989 -0.687348 1.139238 0.304867 -1.200266 
648805046500368 0.167406 0.139350 0.692888 -0.687360 1.144397 0.304422 -1.228974 
648805080002077 0.163613 0.135649 0.693095 -0.688803 1.149814 0.304138 -1.257783 
648805080002077 0.163613 0.135649 0.693095 -0.688803 1.149814 0.304138 -1.257783 TAG001 
648805113670428 0.161294 0.128386 0.693566 -0.690266 1.154690 0.304157 -1.281801 
648805147172381 0.160299 0.119657 0.694458 -0.691169 1.159882 0.304546 -1.310354 
648805180674090 0.163271 0.111845 0.695803 -0.690429 1.164649 0.305646 -1.339661 
648805214045545 0.173659 0.112986 0.694983 -0.688531 1.169645 0.300654 -1.364935 
648805247547498 0.184059 0.122233 0.691608 -0.687648 1.173460 0.303542 -1.395040 
648805281049207 0.183274 0.124875 0.690722 -0.688273 1.177167 0.308198 -1.422299 
648805314440483 0.175067 0.116266 0.692639 -0.689989 1.180538 0.311282 -1.447247 
648805347942436 0.173602 0.106436 0.693466 -0.691114 1.182979 0.314634 -1.473019 
648805381423551 0.182118 0.102698 0.692086 -0.690871 1.184548 0.312562 -1.501807 
648805414925260 0.188668 0.106672 0.689674 -0.690924 1.185277 0.313067 -1.527876 
648805448427213 0.188696 0.109575 0.689195 -0.690939 1.186070 0.313422 -1.552442 
648805481928922 0.185628 0.106269 0.691241 -0.690243 1.186963 0.313407 -1.576210 
648805515448131 0.181655 0.103996 0.693741 -0.689137 1.187883 0.310996 -1.601817 
648805548950085 0.181925 0.103422 0.694146 -0.688744 1.188012 0.309014 -1.627470 
648805582451794 0.185472 0.103234 0.692508 -0.689475 1.187466 0.306457 -1.654119 
648805615954968 0.187758 0.102257 0.690364 -0.691149 1.186403 0.302960 -1.686926 
648805649456921 0.187701 0.101033 0.688892 -0.692812 1.184865 0.300911 -1.714514 
648805682958630 0.183981 0.102664 0.688559 -0.693900 1.183332 0.298193 -1.745001 
648805716573301 0.178141 0.105390 0.688926 -0.694651 1.182088 0.297103 -1.773811 
648805750075254 0.173738 0.108913 0.687673 -0.696462 1.180647 0.296438 -1.802649 
648805783540186 0.170679 0.110409 0.685582 -0.699039 1.177974 0.295111 -1.826474 
648805817041895 0.164182 0.110435 0.685638 -0.700534 1.176368 0.296571 -1.854300 
648805850543848 0.158207 0.115562 0.686740 -0.700003 1.174949 0.298813 -1.882576 
648805889053435 0.159400 0.129906 0.685673 -0.698262 1.172570 0.299768 -1.914317 
648805917552341 0.155062 0.135322 0.684632 -0.699230 1.171361 0.303168 -1.935914 
648805951054294 0.140707 0.137937 0.684807 -0.701580 1.170605 0.307535 -1.959113 
648805984521103 0.131311 0.142411 0.686107 -0.701238 1.170578 0.310224 -1.985397 
648806023025615 0.133227 0.147450 0.687257 -0.698704 1.171827 0.312681 -2.012273 
648806051524765 0.135556 0.149092 0.687289 -0.697876 1.172595 0.314105 -2.031531 
648806084939210 0.136334 0.146064 0.687583 -0.698075 1.172891 0.316130 -2.055625 
648806118440919 0.134737 0.142438 0.688434 -0.698295 1.173416 0.316765 -2.077735 
648806156945675 0.132502 0.140787 0.690448 -0.697068 1.174144 0.316473 -2.103793 
648806156945675 0.132502 0.140787 0.690448 -0.697068 1.174144 0.316473 -2.103793 TAG002 
648806185444581 0.133905 0.139530 0.692167 -0.695346 1.174852 0.315621 -2.123615 
648806218921261 0.134552 0.138057 0.694340 -0.693345 1.175888 0.314178 -2.151002 
648806252423214 0.130864 0.140470 0.694478 -0.693428 1.177042 0.312448 -2.174343 
648806285924923 0.130552 0.137604 0.694626 -0.693913 1.178644 0.310462 -2.198019 
648806319336479 0.133955 0.134079 0.694289 -0.694292 1.180215 0.309068 -2.213856 
648806352838432 0.137235 0.130832 0.693968 -0.694592 1.181520 0.307154 -2.238553 
648806386340141 0.137259 0.128745 0.694029 -0.694916 1.182663 0.306141 -2.263151 
648806419800653 0.136122 0.123650 0.694895 -0.695200 1.184370 0.305609 -2.286853 
648806453302606 0.141819 0.120026 0.695006 -0.694585 1.185514 0.306031 -2.313595 
648806486804315 0.154520 0.127035 0.693364 -0.692266 1.186395 0.306552 -2.341570 
648806520373731 0.161873 0.135894 0.692270 -0.689994 1.187482 0.306221 -2.360823 
648806553875684 0.157828 0.133840 0.694164 -0.689430 1.188829 0.308535 -2.383723 
648806587377393 0.154460 0.121895 0.696248 -0.690306 1.190132 0.310116 -2.405465 
648806620926242 0.161455 0.112153 0.695998 -0.690609 1.191583 0.308631 -2.427937 
648806654428196 0.175085 0.114139 0.693506 -0.689469 1.192301 0.306478 -2.451594 
648806692765679 0.182005 0.125008 0.691698 -0.687605 1.193839 0.303832 -2.474617 
648806726267388 0.181404 0.131155 0.692588 -0.685720 1.195523 0.301674 -2.496129 
648806759769341 0.178909 0.133987 0.694319 -0.684076 1.197575 0.299455 -2.517424 
648806793271050 0.179823 0.134016 0.694513 -0.683634 1.199407 0.296765 -2.539177 
648806826776601 0.183233 0.134526 0.692725 -0.684442 1.200668 0.293932 -2.563451 
648806860278554 0.187267 0.135906 0.690812 -0.685010 1.201347 0.290472 -2.586429 
648806893780263 0.188879 0.137284 0.690205 -0.684905 1.201428 0.287279 -2.609667 
648806927196527 0.187810 0.137529 0.690578 -0.684774 1.200340 0.284695 -2.630020 
648806960698480 0.186730 0.136973 0.690370 -0.685390 1.198939 0.282311 -2.654075 
648806994200189 0.184526 0.136966 0.688562 -0.687803 1.196757 0.280371 -2.678600 
648807027933368 0.184512 0.135900 0.684694 -0.691867 1.193098 0.279862 -2.705541 
648807061435321 0.186816 0.130922 0.680791 -0.696048 1.189117 0.279234 -2.730552 
648807094901719 0.188190 0.126038 0.679269 -0.698063 1.185178 0.279810 -2.756101 
648807128403428 0.192978 0.125679 0.678440 -0.697627 1.181559 0.280340 -2.782228 
648807161905381 0.201679 0.134545 0.675084 -0.696767 1.178271 0.281080 -2.808541 
648807195184988 0.204061 0.143653 0.671653 -0.697571 1.174483 0.283922 -2.820600 
648807228686697 0.196872 0.144729 0.672552 -0.698547 1.173251 0.286958 -2.841676 
648807262188650 0.188214 0.143166 0.676558 -0.697387 1.173358 0.289562 -2.861446 
648807295690359 0.186419 0.142520 0.680113 -0.694537 1.173862 0.291209 -2.881174 
648807329311069 0.191529 0.143555 0.679501 -0.693533 1.174148 0.292370 -2.901206 
648807362813022 0.195523 0.142351 0.676983 -0.695127 1.173988 0.293264 -2.920571 
648807396362576 0.195578 0.138106 0.676278 -0.696652 1.173314 0.294503 -2.937682 
648807429864285 0.194117 0.134427 0.677946 -0.696159 1.173368 0.294815 -2.957108 
648807463366238 0.195008 0.132466 0.680036 -0.694245 1.173247 0.294237 -2.977362 
648807496940079 0.197873 0.131410 0.680538 -0.693142 1.172965 0.293548 -2.994012 
648807530441788 0.199940 0.129349 0.679716 -0.693743 1.172212 0.292080 -3.014844 
648807530441788 0.199940 0.129349 0.679716 -0.693743 1.172212 0.292080 -3.014844 TAG001 
648807530441788 0.199940 0.129349 0.679716 -0.693743 1.172212 0.292080 -3.014844 TAG002 
648807563943741 0.201713 0.123764 0.679048 -0.694902 1.171620 0.290539 -3.035971 
648807597446760 0.203075 0.119907 0.678321 -0.695891 1.171223 0.289173 -3.058603 
648807630948469 0.206426 0.116136 0.677933 -0.695923 1.171186 0.287758 -3.080906 
648807664450423 0.209452 0.111047 0.678340 -0.695451 1.171063 0.287017 -3.103075 
648807697952131 0.209313 0.106172 0.678781 -0.695825 1.170715 0.287226 -3.125131 
648807731461422 0.210504 0.105980 0.677721 -0.696528 1.170529 0.288046 -3.146487 
648807764963376 0.215109 0.108485 0.674778 -0.697591 1.169667 0.289137 -3.168918 
648807798447522 0.219501 0.112075 0.671579 -0.698742 1.168938 0.290952 -3.189088 
648807831949231 0.219977 0.111533 0.669422 -0.700746 1.167545 0.292994 -3.208665 
648807865451184 0.221426 0.102148 0.667806 -0.703258 1.165354 0.294634 -3.226595 
648807899136311 0.228092 0.091702 0.664582 -0.705617 1.161655 0.295460 -3.240149 
648807932638020 0.240480 0.086890 0.659222 -0.707139 1.157228 0.294129 -3.257645 
648807966139973 0.250558 0.087524 0.654949 -0.707533 1.152550 0.292230 -3.274415 
648807999641682 0.253571 0.088352 0.654344 -0.706916 1.147928 0.290630 -3.290042 
648808033194296 0.254282 0.086328 0.655552 -0.705790 1.143404 0.289556 -3.303298 
648808066696249 0.256958 0.084697 0.655511 -0.705056 1.138523 0.287817 -3.318989 
648808100194793 0.261462 0.084427 0.653721 -0.705094 1.133245 0.285848 -3.337660 
648808133696502 0.265307 0.084453 0.651891 -0.705350 1.127543 0.283829 -3.353736 
648808167198455 0.265814 0.084286 0.651064 -0.705943 1.121542 0.282229 -3.369354 
648808200700164 0.263655 0.084553 0.650838 -0.706927 1.115265 0.280913 -3.384693 
648808234215080 0.261125 0.086354 0.649968 -0.708448 1.109307 0.279865 -3.402751 
648808267717033 0.258663 0.086424 0.648850 -0.710365 1.102279 0.279260 -3.418004 
648808301160385 0.259479 0.085524 0.648059 -0.710897 1.093772 0.278799 -3.437231 
648808334662338 0.264578 0.090429 0.645603 -0.710646 1.084621 0.278421 -3.452680 
648808368164047 0.265096 0.093819 0.643079 -0.712300 1.075270 0.279116 -3.466848 
648808401665756 0.260086 0.095872 0.641783 -0.715037 1.066456 0.280418 -3.480173 
648808435143309 0.255814 0.101870 0.641886 -0.715657 1.057933 0.281437 -3.492728 
648808468645018 0.253653 0.108245 0.643670 -0.713885 1.050688 0.281517 -3.505378 
648808502146727 0.250057 0.113403 0.646332 -0.711945 1.043543 0.280995 -3.517000 
648808535624101 0.248872 0.116447 0.648131 -0.710232 1.034451 0.280486 -3.527461 
648808569125810 0.252528 0.120006 0.646356 -0.709966 1.025655 0.278622 -3.539290 
648808602637326 0.258558 0.124453 0.640966 -0.711914 1.016035 0.276969 -3.546642 
648808636139279 0.263928 0.124398 0.635407 -0.714930 1.004649 0.275752 -3.558069 
648808669640988 0.265684 0.122437 0.631790 -0.717818 0.992271 0.275041 -3.569036 
648808703110896 0.267543 0.121106 0.629167 -0.719655 0.978324 0.274341 -3.578477 
648808736612850 0.267477 0.122339 0.626252 -0.722009 0.964227 0.273465 -3.589076 
648808770114559 0.265999 0.121560 0.623656 -0.724928 0.949515 0.272765 -3.599053 
648808803797409 0.265758 0.119691 0.621117 -0.727503 0.934200 0.272311 -3.607025 
648808837299362 0.262489 0.119336 0.620120 -0.729596 0.919020 0.272253 -3.615989 
648808870801071 0.260001 0.115144 0.621393 -0.730077 0.904113 0.272932 -3.624377 
648808904388840 0.260557 0.109773 0.622336 -0.729903 0.889078 0.274290 -3.631699 
648808937890793 0.261808 0.104797 0.621870 -0.730583 0.874469 0.275842 -3.639410 
648808971392502 0.264248 0.098492 0.620967 -0.731350 0.859850 0.277634 -3.646508 
648809004894211 0.267707 0.093097 0.619995 -0.731623 0.844705 0.279441 -3.652607 
648809038434730 0.273687 0.084108 0.617980 -0.732203 0.829770 0.281258 -3.654820 
648809071936439 0.279539 0.072683 0.615202 -0.733554 0.814416 0.282557 -3.658251 
648809105438148 0.284228 0.060465 0.612408 -0.735197 0.799098 0.283285 -3.660708 
648809138885831 0.286844 0.052406 0.609413 -0.737286 0.783499 0.283104 -3.665695 
648809172387540 0.285461 0.052051 0.607264 -0.739617 0.768481 0.282767 -3.668118 
648809205889249 0.279557 0.053515 0.607567 -0.741516 0.754218 0.282477 -3.670563 
648809239314005 0.270653 0.053314 0.609690 -0.743090 0.741373 0.282475 -3.673000 
648809272815714 0.263016 0.050288 0.612092 -0.744068 0.727323 0.282241 -3.676080 
648809306317423 0.258889 0.047752 0.612454 -0.745383 0.712798 0.281396 -3.680234 
648809339982548 0.256152 0.049338 0.611845 -0.746725 0.699871 0.280133 -3.684319 
648809373484257 0.253579 0.055011 0.610945 -0.747942 0.684490 0.278288 -3.690628 
648809406985966 0.251155 0.061165 0.611135 -0.748127 0.669010 0.276413 -3.697511 
648809440513183 0.247755 0.067064 0.612686 -0.747486 0.655079 0.274930 -3.706232 
648809474014892 0.241220 0.075414 0.615066 -0.746873 0.640254 0.273974 -3.713377 
648809507489213 0.234702 0.082922 0.618650 -0.745192 0.626570 0.273631 -3.722346 
648809540991166 0.228973 0.087588 0.623223 -0.742626 0.612468 0.273912 -3.728814 
648809574492875 0.224323 0.090390 0.628536 -0.739223 0.598185 0.274574 -3.734977 
648809608087506 0.216532 0.100232 0.632105 -0.737232 0.583375 0.274857 -3.744186 
648809641589459 0.212303 0.114507 0.631971 -0.736497 0.567866 0.275347 -3.750553 
648809675091168 0.212774 0.124514 0.631347 -0.735272 0.552783 0.275653 -3.756801 
648809708592877 0.212357 0.134722 0.631756 -0.733239 0.538730 0.275652 -3.762504 
648809742098651 0.210951 0.144899 0.634224 -0.729564 0.526629 0.275197 -3.768687 
648809775600360 0.208841 0.154864 0.638270 -0.724579 0.514479 0.274424 -3.772964 
648809809028358 0.204497 0.166175 0.643123 -0.718999 0.502965 0.273399 -3.775223 
648809842530312 0.199857 0.177364 0.646958 -0.714173 0.491705 0.272135 -3.778384 
648809876032021 0.194756 0.185354 0.648947 -0.711745 0.480146 0.271394 -3.781102 
648809909533730 0.192884 0.188735 0.648536 -0.711741 0.468089 0.271205 -3.783903 
648809942982676 0.192729 0.191214 0.646446 -0.713022 0.457007 0.271081 -3.786066 
648809976484385 0.190767 0.195372 0.644644 -0.714053 0.445166 0.270922 -3.789442 
648810010117367 0.189424 0.199772 0.643816 -0.713941 0.433912 0.270522 -3.791023 
648810043619320 0.188448 0.203843 0.643798 -0.713063 0.422296 0.269850 -3.795142 
648810077121029 0.187328 0.207903 0.643815 -0.712170 0.410641 0.269022 -3.799573 
648810110582200 0.186672 0.211445 0.643359 -0.711711 0.399100 0.267786 -3.804657 
648810144084153 0.187779 0.212568 0.643065 -0.711352 0.387142 0.266615 -3.809796 
648810177585862 0.188892 0.214482 0.642621 -0.710883 0.375130 0.265091 -3.815258 
648810211094698 0.189172 0.216600 0.643237 -0.709609 0.363552 0.263218 -3.820410 
648810244596651 0.189477 0.220545 0.644016 -0.707603 0.351601 0.261143 -3.826404 
648810278098360 0.191709 0.224517 0.644780 -0.705052 0.339753 0.259083 -3.832779 
648810311638583 0.193875 0.228785 0.645107 -0.702785 0.328214 0.257397 -3.838919 
648810345140536 0.194228 0.233016 0.645436 -0.700993 0.316946 0.256261 -3.845269 
648810378642245 0.193241 0.236228 0.646344 -0.699353 0.305713 0.255546 -3.851778 
648810412122167 0.196276 0.244723 0.644042 -0.697708 0.294009 0.254431 -3.859068 
648810445624120 0.204358 0.255994 0.639810 -0.695232 0.282640 0.253277 -3.866631 
648810479125829 0.207224 0.264975 0.637969 -0.692706 0.272032 0.253146 -3.873063 
648810512627538 0.203578 0.266133 0.640108 -0.691369 0.261764 0.254365 -3.877895 
648810546146481 0.195062 0.262064 0.644300 -0.691485 0.251339 0.256294 -3.880890 
648810579648190 0.187911 0.259646 0.645843 -0.692936 0.240171 0.258205 -3.884265 
648810613289789 0.185135 0.262965 0.644060 -0.694091 0.229410 0.259494 -3.887017 
648810646791742 0.181252 0.267516 0.642937 -0.694416 0.218842 0.260942 -3.889764 
648810680293451 0.171649 0.270602 0.644374 -0.694329 0.208606 0.262946 -3.891361 
648810713795160 0.161532 0.272957 0.646910 -0.693476 0.198459 0.264792 -3.892589 
648810747226411 0.153595 0.277592 0.647842 -0.692569 0.188894 0.265794 -3.892141 
648810780728120 0.147049 0.283625 0.647286 -0.692065 0.178251 0.266376 -3.893367 
648810814229829 0.139943 0.289493 0.646876 -0.691492 0.167382 0.266727 -3.894044 
648810847873631 0.131019 0.296258 0.647137 -0.690129 0.156932 0.267093 -3.892615 
648810881375340 0.120915 0.306303 0.647679 -0.687074 0.146290 0.267268 -3.892100 
648810914877048 0.111033 0.317688 0.648152 -0.683115 0.136080 0.267698 -3.891132 
648810948334729 0.104586 0.330243 0.647686 -0.678604 0.127242 0.268208 -3.887894 
648810981836438 0.102143 0.340434 0.648818 -0.672835 0.118056 0.269392 -3.885898 
648811015403715 0.093871 0.346388 0.651957 -0.667949 0.110564 0.271081 -3.878072 
648811048905668 0.080878 0.348404 0.655708 -0.664921 0.101181 0.273650 -3.873649 
648811082407377 0.068963 0.351305 0.658595 -0.661877 0.091942 0.275404 -3.869374 
648811115909086 0.060876 0.354325 0.661053 -0.658602 0.083164 0.276012 -3.865491 
648811149305295 0.056113 0.355304 0.663598 -0.655933 0.076645 0.275646 -3.857027 
648811182807004 0.054308 0.354695 0.665783 -0.654198 0.068478 0.275041 -3.853317 
648811216252617 0.051937 0.355566 0.666663 -0.653020 0.061464 0.274052 -3.847809 
648811249754570 0.046260 0.356567 0.667156 -0.652398 0.053508 0.273770 -3.844146 
648811283256279 0.038150 0.354927 0.668565 -0.652375 0.046031 0.273771 -3.840281 
648811316757988 0.030949 0.353183 0.669937 -0.652295 0.039421 0.273716 -3.836726 
648811350133826 0.024641 0.349252 0.671776 -0.652788 0.034663 0.273500 -3.830537 
648811383635535 0.018874 0.347900 0.672295 -0.653169 0.029125 0.273444 -3.828262 
648811417137244 0.014528 0.350019 0.672108 -0.652340 0.024457 0.273239 -3.826695 
648811450582412 0.009744 0.350245 0.672576 -0.651824 0.020926 0.272990 -3.823857 
648811450582412 0.009744 0.350245 0.672576 -0.651824 0.020926 0.272990 -3.823857 TAG001 
648811484084121 0.005727 0.351178 0.672303 -0.651652 0.016539 0.272909 -3.823680 
648811517585830 0.006018 0.353208 0.672164 -0.650694 0.012434 0.272432 -3.824428 
648811551099247 0.005631 0.356432 0.672116 -0.648988 0.008420 0.271592 -3.823962 
648811584600956 0.004408 0.358764 0.672732 -0.647070 0.004423 0.271168 -3.824505 
648811618121483 -0.000125 0.360887 0.673063 -0.645559 -0.000261 0.270922 -3.823317 
648811651623436 -0.004993 0.361428 0.673517 -0.644764 -0.004352 0.271403 -3.823000 
648811685125145 -0.010398 0.361117 0.674201 -0.644158 -0.007819 0.272015 -3.822416 
648811718583151 -0.017296 0.364116 0.673162 -0.643408 -0.011600 0.272300 -3.820655 
648811752084860 -0.023223 0.367628 0.670747 -0.643746 -0.013949 0.273157 -3.820276 
648811785586569 -0.029766 0.371564 0.667828 -0.644251 -0.015761 0.274158 -3.819959 
648811819088522 -0.035758 0.375680 0.665195 -0.644284 -0.016983 0.275114 -3.819666 
648811852542653 -0.042942 0.378728 0.663768 -0.643531 -0.017998 0.275973 -3.818922 
648811886044362 -0.049621 0.380985 0.662675 -0.642845 -0.018576 0.277152 -3.818086 
648811919532336 -0.055162 0.383150 0.661363 -0.642458 -0.019509 0.277984 -3.816733 
648811953034045 -0.059084 0.384918 0.659851 -0.642607 -0.020265 0.278904 -3.816149 
648811986535754 -0.061031 0.384604 0.658962 -0.643525 -0.021468 0.279812 -3.815610 
648812020037707 -0.060259 0.381554 0.658993 -0.645378 -0.023399 0.280584 -3.815186 
648812053591887 -0.057754 0.378107 0.658936 -0.647691 -0.026597 0.281011 -3.813437 
648812087093596 -0.051367 0.372129 0.659800 -0.650804 -0.030312 0.281550 -3.813144 
648812120545049 -0.044731 0.361887 0.661124 -0.655707 -0.036350 0.282173 -3.811613 
648812154046758 -0.036472 0.345973 0.663316 -0.662560 -0.043087 0.283237 -3.810152 
648812187548467 -0.020988 0.325155 0.666051 -0.670977 -0.051290 0.284078 -3.809099 
648812221050420 -0.000736 0.303576 0.666656 -0.680743 -0.060945 0.284415 -3.808327 
648812254782024 0.022888 0.281038 0.665737 -0.690861 -0.072224 0.284211 -3.806829 
648812288283733 0.050619 0.255913 0.663264 -0.701447 -0.085181 0.283322 -3.806117 
648812321785686 0.078246 0.231224 0.658556 -0.711840 -0.098696 0.281783 -3.804989 
648812355292892 0.101547 0.209987 0.654263 -0.719398 -0.111727 0.279976 -3.803034 
648812388794601 0.121580 0.191612 0.650592 -0.724730 -0.124315 0.277746 -3.800990 
648812422296554 0.138020 0.177540 0.647213 -0.728385 -0.136216 0.275424 -3.799009 
648812455804433 0.153239 0.166665 0.644171 -0.730606 -0.147141 0.273154 -3.797565 
648812489306142 0.165821 0.157603 0.640957 -0.732693 -0.158271 0.271258 -3.795610 
648812522808095 0.179133 0.145382 0.637928 -0.734727 -0.168949 0.269770 -3.793397 
648812522808095 0.179133 0.145382 0.637928 -0.734727 -0.168949 0.269770 -3.793397 TAG002 
648812556297728 0.193431 0.130474 0.634570 -0.736805 -0.179272 0.268529 -3.791231 
648812589799437 0.208031 0.114411 0.630777 -0.738751 -0.189647 0.267494 -3.789173 
648812623528491 0.221891 0.100625 0.625602 -0.741121 -0.199702 0.266538 -3.786518 
648812657030200 0.236245 0.085829 0.619975 -0.743272 -0.210105 0.265796 -3.784791 
648812690531909 0.252962 0.069967 0.613784 -0.744570 -0.220652 0.264804 -3.783707 
648812724033862 0.269400 0.056352 0.607012 -0.745509 -0.231367 0.263533 -3.782889 
648812757626693 0.282310 0.044641 0.601123 -0.746297 -0.241321 0.261944 -3.782152 
648812791128402 0.291794 0.035365 0.596759 -0.746649 -0.250442 0.260398 -3.781436 
648812824562980 0.301211 0.026721 0.593330 -0.746001 -0.259029 0.258745 -3.780081 
648812858064689 0.307782 0.019172 0.590760 -0.745591 -0.265241 0.257569 -3.780811 
648812891566398 0.312370 0.015021 0.587954 -0.745996 -0.269924 0.256855 -3.782795 
648812925068352 0.318995 0.011589 0.585359 -0.745294 -0.273562 0.256452 -3.786045 
648812958620509 0.325162 0.010366 0.584769 -0.743107 -0.276172 0.256326 -3.788617 
648812992122218 0.324838 0.012395 0.586773 -0.741636 -0.277428 0.256515 -3.792886 
648813025616119 0.320564 0.015163 0.589816 -0.741030 -0.278233 0.256662 -3.796031 
648813059117828 0.315755 0.017164 0.592210 -0.741142 -0.278776 0.256339 -3.799989 
648813092619537 0.314974 0.017335 0.592218 -0.741464 -0.279767 0.255239 -3.804338 
648813126121490 0.319412 0.016344 0.589364 -0.741862 -0.281571 0.253311 -3.809224 
648813159631017 0.325700 0.016368 0.584633 -0.742870 -0.284429 0.250891 -3.813416 
648813193132726 0.332471 0.016386 0.580125 -0.743404 -0.287294 0.248200 -3.818220 
648813226503107 0.337684 0.016189 0.577779 -0.742885 -0.290655 0.245690 -3.820999 
648813260004816 0.343477 0.017336 0.575607 -0.741889 -0.294364 0.242761 -3.825255 
648813293506525 0.348955 0.021280 0.572291 -0.741795 -0.298648 0.240033 -3.828968 
648813327008478 0.351112 0.026569 0.569497 -0.742757 -0.302950 0.238256 -3.831826 
648813360367187 0.348953 0.028952 0.569979 -0.743315 -0.308772 0.237846 -3.831817 
648813393868896 0.343198 0.030324 0.572983 -0.743631 -0.313781 0.238513 -3.833646 
648813427476520 0.338575 0.032688 0.575440 -0.743752 -0.320437 0.240281 -3.834135 
648813460978229 0.332840 0.038493 0.577694 -0.744315 -0.326729 0.241711 -3.836742 
648813494479938 0.326193 0.044754 0.580635 -0.744619 -0.333533 0.243448 -3.839183 
648813527942281 0.318782 0.050285 0.584490 -0.744460 -0.340695 0.245856 -3.842317 
648813561443990 0.307918 0.057873 0.589587 -0.744463 -0.348626 0.247857 -3.843784 
648813594945699 0.293645 0.067525 0.595094 -0.745034 -0.357119 0.249860 -3.844545 
648813628463040 0.277795 0.076971 0.601278 -0.745231 -0.367236 0.251488 -3.843766 
648813661964749 0.261960 0.087509 0.607367 -0.744865 -0.378016 0.253414 -3.843330 
648813695466458 0.244675 0.101316 0.611982 -0.745217 -0.390445 0.255810 -3.842097 
648813728911141 0.226286 0.115696 0.615999 -0.745624 -0.405367 0.259334 -3.838957 
648813762412850 0.211894 0.126888 0.620307 -0.744459 -0.421635 0.264599 -3.836021 
648813795914559 0.199873 0.137742 0.623596 -0.743105 -0.439871 0.272102 -3.832790 
648813824426123 0.194211 0.146569 0.624379 -0.742260 -0.457357 0.280329 -3.830119 
648813857927832 0.189798 0.161454 0.620843 -0.743278 -0.479924 0.291931 -3.827275 
648813891429541 0.188520 0.180171 0.614882 -0.744257 -0.502346 0.305717 -3.824591 
648813925030205 0.182977 0.198431 0.612061 -0.743321 -0.521915 0.321190 -3.821783 
648813958531914 0.170157 0.213137 0.614417 -0.740345 -0.536680 0.339034 -3.818333 
648813997036426 0.156025 0.223963 0.622237 -0.733701 -0.547777 0.359862 -3.815392 
648814025535577 0.147310 0.231165 0.627881 -0.728442 -0.553206 0.374893 -3.814268 
648814063863508 0.135976 0.241321 0.632873 -0.723012 -0.558093 0.394498 -3.814256 
648814097365217 0.127381 0.251229 0.634390 -0.719866 -0.559792 0.410232 -3.816037 
648814130818461 0.119449 0.261050 0.633938 -0.718127 -0.559838 0.424833 -3.819119 
648814159317367 0.111037 0.269810 0.632856 -0.717194 -0.558096 0.436709 -3.822626 
648814192819076 0.101044 0.279010 0.632550 -0.715419 -0.554242 0.449753 -3.827575 
648814226362718 0.094297 0.286692 0.634066 -0.711952 -0.547765 0.461665 -3.833099 
648814259864427 0.085920 0.295703 0.635347 -0.708174 -0.540451 0.472339 -3.838925 
648814293366136 0.077590 0.306319 0.636285 -0.703768 -0.532109 0.481652 -3.844967 
648814326878109 0.072304 0.318117 0.637466 -0.698005 -0.523552 0.488945 -3.851250 
648814365382621 0.062839 0.336533 0.637700 -0.690026 -0.513032 0.495192 -3.858114 
648814393881527 0.056397 0.348640 0.638391 -0.683906 -0.505348 0.498591 -3.862729 
648814427383480 0.052942 0.360073 0.641416 -0.675374 -0.497064 0.501337 -3.867620 
648814460874453 0.045747 0.370566 0.644067 -0.667657 -0.491198 0.503725 -3.871949 
648814494376162 0.042950 0.380800 0.647169 -0.659029 -0.486386 0.505479 -3.876511 
648814527878115 0.043236 0.392825 0.648880 -0.650211 -0.483678 0.507645 -3.881520 
648814561177559 0.043859 0.402078 0.651007 -0.642339 -0.480117 0.511755 -3.884264 
648814561177559 0.043859 0.402078 0.651007 -0.642339 -0.480117 0.511755 -3.884264 TAG001 
648814561177559 0.043859 0.402078 0.651007 -0.642339 -0.480117 0.511755 -3.884264 TAG002 
648814599682071 0.045165 0.402682 0.658133 -0.634561 -0.480995 0.517862 -3.888548 
648814633001760 0.039745 0.405353 0.662531 -0.628619 -0.482562 0.524519 -3.891561 
648814661500666 0.025872 0.416936 0.659324 -0.625129 -0.485429 0.531802 -3.894320 
648814695002375 0.007814 0.437238 0.649391 -0.622136 -0.488844 0.540778 -3.897396 
648814728397829 0.000619 0.450628 0.645229 -0.616938 -0.491352 0.549673 -3.898494 
648814761899538 0.002661 0.443998 0.654215 -0.612260 -0.494525 0.558087 -3.899698 
648814795401247 0.002432 0.434874 0.664495 -0.607721 -0.498587 0.566206 -3.900659 
648814828711312 -0.002292 0.436220 0.667823 -0.603091 -0.503276 0.574216 -3.901772 
648814862213021 -0.007849 0.444479 0.666798 -0.598128 -0.509329 0.581712 -3.903673 
648814895714730 -0.016049 0.447766 0.665859 -0.596556 -0.517497 0.589420 -3.905456 
648814929216683 -0.021851 0.443232 0.665528 -0.600117 -0.528118 0.596882 -3.907121 
648814962649447 -0.021317 0.436163 0.665153 -0.605706 -0.541122 0.604585 -3.908149 
648814996151156 -0.014157 0.426095 0.665496 -0.612664 -0.557257 0.609799 -3.911212 
648815029637228 -0.000919 0.413439 0.665786 -0.621125 -0.576440 0.612988 -3.916641 
648815063138937 0.014502 0.399850 0.664655 -0.630986 -0.598656 0.616041 -3.920449 
648815096640646 0.031042 0.386274 0.661601 -0.641960 -0.624023 0.618346 -3.924219 
648815130302480 0.045029 0.373600 0.656588 -0.653672 -0.651524 0.621210 -3.927585 
648815163804189 0.056806 0.360643 0.651861 -0.664670 -0.680622 0.623030 -3.930104 
648815197306142 0.071332 0.344528 0.649122 -0.674428 -0.710569 0.624847 -3.932302 
648815230807851 0.091142 0.324036 0.647387 -0.683801 -0.742146 0.626433 -3.933985 
648815264281676 0.114857 0.300824 0.644494 -0.693498 -0.775296 0.628239 -3.936075 
648815297783629 0.143105 0.274766 0.638680 -0.704353 -0.811173 0.629896 -3.937429 
648815331285247 0.169589 0.244711 0.629951 -0.717299 -0.849803 0.631614 -3.937393 
648815364786956 0.192418 0.215849 0.618235 -0.730869 -0.890409 0.633165 -3.936003 
648815398288909 0.211561 0.187444 0.605226 -0.744183 -0.932003 0.634760 -3.932879 
648815431790618 0.229164 0.157720 0.593019 -0.755603 -0.973750 0.636281 -3.928300 
648815465292327 0.244789 0.130121 0.582707 -0.763937 -1.014664 0.637886 -3.922509 
648815498794280 0.258199 0.104582 0.576499 -0.768143 -1.054220 0.640022 -3.915582 
648815532295989 0.271925 0.077941 0.573547 -0.768782 -1.092673 0.642865 -3.907418 
648815565797698 0.286166 0.048524 0.571679 -0.767423 -1.130125 0.646572 -3.898430 
648815599299651 0.298574 0.018388 0.569310 -0.765769 -1.167166 0.651096 -3.889401 
648815632801360 0.316869 -0.003346 0.562541 -0.763630 -1.203913 0.655622 -3.881286 
648815666303069 0.344321 -0.024231 0.551607 -0.759333 -1.239947 0.660483 -3.873802 
648815699805022 0.373087 -0.051682 0.541811 -0.751383 -1.274683 0.666021 -3.865487 
648815733306731 0.400242 -0.087112 0.534208 -0.739486 -1.307771 0.671914 -3.856334 
648815766808440 0.427670 -0.123158 0.524737 -0.725659 -1.340021 0.676860 -3.846903 
648815800310393 0.459392 -0.156766 0.508536 -0.711178 -1.372113 0.680406 -3.836529 
648815833812102 0.495281 -0.193547 0.486625 -0.693133 -1.403929 0.683097 -3.824630 
648815867313811 0.528950 -0.230555 0.460947 -0.674228 -1.435166 0.684719 -3.810894 
648815900815764 0.552664 -0.263612 0.435766 -0.659681 -1.464928 0.685577 -3.796349 
648815934305652 0.569934 -0.293638 0.414768 -0.645693 -1.493187 0.685337 -3.782008 
648815967807361 0.585170 -0.318943 0.396644 -0.631288 -1.521165 0.684813 -3.769350 
648816001309314 0.596700 -0.336128 0.381598 -0.620766 -1.548917 0.683580 -3.758257 
648816034807700 0.606459 -0.347971 0.369152 -0.612250 -1.576115 0.681792 -3.748896 
648816073312212 0.614921 -0.360572 0.358642 -0.602690 -1.606748 0.679978 -3.740311 
648816101811363 0.619474 -0.370835 0.352512 -0.595372 -1.628963 0.678771 -3.735377 
648816135313072 0.623147 -0.382425 0.346586 -0.587636 -1.654784 0.677677 -3.730731 
648816173700339 0.626336 -0.393872 0.340110 -0.580425 -1.682974 0.676063 -3.725833 
648816202199490 0.628868 -0.400920 0.335362 -0.575605 -1.704829 0.677385 -3.724252 
648816235701199 0.633375 -0.401183 0.326428 -0.575616 -1.731102 0.679975 -3.723326 
648816269328815 0.636431 -0.397899 0.320789 -0.577691 -1.756367 0.684632 -3.724154 
648816302830768 0.633614 -0.404209 0.327527 -0.572603 -1.778319 0.690343 -3.725486 
648816336454171 0.627149 -0.421981 0.340319 -0.559285 -1.799988 0.697028 -3.723683 
648816369955880 0.624852 -0.440850 0.345541 -0.543886 -1.822066 0.701268 -3.723444 
648816403457833 0.632903 -0.452966 0.332864 -0.532407 -1.847093 0.704191 -3.721043 
648816436959542 0.635194 -0.451946 0.319059 -0.538958 -1.871999 0.707035 -3.717243 
648816470462166 0.629872 -0.452811 0.315284 -0.546643 -1.894266 0.711652 -3.712124 
648816503964119 0.621331 -0.461255 0.324319 -0.544066 -1.913884 0.717066 -3.709400 
648816537465828 0.612456 -0.470279 0.336698 -0.538860 -1.933555 0.723041 -3.706467 
648816570998488 0.606215 -0.477269 0.345932 -0.533900 -1.954309 0.728988 -3.702019 
648816604500441 0.602392 -0.484219 0.351786 -0.528112 -1.975210 0.735386 -3.698046 
648816637973398 0.599346 -0.492774 0.355946 -0.520827 -1.997187 0.741683 -3.692887 
648816671475107 0.595778 -0.504073 0.360410 -0.510944 -2.017812 0.748735 -3.687618 
648816704977060 0.590414 -0.516195 0.365918 -0.501057 -2.038560 0.756430 -3.681885 
648816738636420 0.583994 -0.525782 0.373375 -0.493047 -2.059348 0.765494 -3.675955 
648816772138129 0.577609 -0.532114 0.383237 -0.486161 -2.081361 0.774874 -3.670684 
648816805640082 0.572288 -0.536327 0.392665 -0.480265 -2.104501 0.785144 -3.665377 
648816838869272 0.571909 -0.538170 0.394853 -0.476848 -2.130681 0.796080 -3.662884 
648816872370981 0.569611 -0.537115 0.395489 -0.480249 -2.155000 0.807137 -3.656804 
648816905872934 0.562183 -0.537434 0.402922 -0.482461 -2.177272 0.817930 -3.652247 
648816939374643 0.553147 -0.536940 0.417853 -0.480752 -2.198179 0.827348 -3.650290 
648816972863857 0.547179 -0.533694 0.432666 -0.478085 -2.219060 0.834543 -3.651119 
648817006365810 0.547749 -0.529486 0.440041 -0.475372 -2.241203 0.839438 -3.652249 
648817039956678 0.553504 -0.525850 0.439918 -0.472850 -2.260471 0.844705 -3.655724 
648817073458387 0.559854 -0.524835 0.436260 -0.469881 -2.283362 0.845866 -3.657266 
648817106960340 0.564756 -0.525714 0.431848 -0.467100 -2.305973 0.845421 -3.658558 
648817140432726 0.566997 -0.525387 0.430343 -0.466142 -2.327622 0.843243 -3.660322 
648817173934435 0.566133 -0.523455 0.432945 -0.466955 -2.349373 0.840526 -3.662118 
648817207436389 0.563794 -0.520227 0.436942 -0.469660 -2.370950 0.837362 -3.664143 
648817240773221 0.559745 -0.515977 0.441551 -0.474854 -2.392906 0.835569 -3.667701 
648817274274930 0.552829 -0.509890 0.448706 -0.482757 -2.413503 0.832336 -3.672177 
648817307776883 0.546024 -0.502756 0.457150 -0.490009 -2.433230 0.829295 -3.678862 
648817340967183 0.539853 -0.495136 0.467002 -0.495285 -2.448297 0.825910 -3.689406 
648817374468892 0.530819 -0.489527 0.482100 -0.496159 -2.464160 0.824337 -3.700669 
648817407970845 0.518039 -0.482078 0.501180 -0.498051 -2.478952 0.824222 -3.713980 
648817441626362 0.509979 -0.468767 0.513964 -0.505984 -2.490576 0.825706 -3.728987 
648817475128071 0.504506 -0.452312 0.525151 -0.514882 -2.505346 0.826607 -3.744242 
648817508630024 0.492395 -0.436488 0.542861 -0.521850 -2.516889 0.827243 -3.759671 
648817541985528 0.470361 -0.424483 0.566181 -0.527269 -2.522985 0.825999 -3.774961 
648817575487237 0.445210 -0.412393 0.587521 -0.535293 -2.530178 0.825175 -3.788627 
648817613991993 0.419388 -0.389990 0.605482 -0.552642 -2.539610 0.823031 -3.803987 
648817647504461 0.402501 -0.363292 0.612841 -0.574837 -2.549221 0.821130 -3.817295 
648817676003367 0.393367 -0.338963 0.616110 -0.592263 -2.556833 0.819599 -3.829284 
648817709505320 0.384644 -0.314476 0.621042 -0.606185 -2.563896 0.817962 -3.842945 
648817742986977 0.375384 -0.294381 0.627727 -0.615130 -2.570224 0.816514 -3.854739 
648817776488686 0.364250 -0.274794 0.635237 -0.623124 -2.574364 0.814428 -3.864625 
648817809990639 0.349532 -0.251788 0.643384 -0.632840 -2.577441 0.811931 -3.872521 
648817843492348 0.332559 -0.229293 0.651651 -0.642012 -2.579525 0.809257 -3.878744 
648817877003224 0.314828 -0.207503 0.659448 -0.650350 -2.581708 0.806322 -3.883681 
648817910505177 0.298156 -0.185569 0.666598 -0.657506 -2.583210 0.803186 -3.888191 
648817944152793 0.282756 -0.161889 0.673366 -0.663641 -2.596099 0.798805 -3.890195 
648817977654502 0.265549 -0.133146 0.681799 -0.668510 -2.597042 0.794938 -3.894516 
648818011156455 0.248336 -0.098443 0.689996 -0.672714 -2.596891 0.790699 -3.899060 
648818044658164 0.232229 -0.061194 0.697135 -0.675520 -2.600583 0.793563 -3.905818 
648818078171175 0.212862 -0.025089 0.705359 -0.675669 -2.596524 0.789225 -3.908836 
648818111673128 0.190513 0.006182 0.715249 -0.672373 -2.589953 0.784657 -3.910499 
648818144966274 0.176176 0.035403 0.723858 -0.666137 -2.581028 0.779003 -3.912322 
648818178467983 0.169655 0.065676 0.730187 -0.658583 -2.572543 0.771071 -3.912816 
648818211969936 0.157497 0.096479 0.734902 -0.652538 -2.562649 0.762131 -3.911394 
648818245471645 0.137034 0.129388 0.736797 -0.649316 -2.551376 0.752500 -3.908392 
648818279069745 0.115721 0.163588 0.737321 -0.645139 -2.538149 0.742792 -3.904431 
648818312571699 0.096008 0.201628 0.735963 -0.639130 -2.522840 0.731753 -3.901505 
648818346073408 0.080413 0.241489 0.734104 -0.629530 -2.506489 0.719209 -3.900266 
648818379563888 0.068272 0.278121 0.732552 -0.617539 -2.486368 0.708125 -3.897131 
648818413065597 0.057591 0.315867 0.729326 -0.604149 -2.464355 0.697873 -3.893091 
648818446536864 0.044860 0.352150 0.725261 -0.589893 -2.441571 0.688707 -3.887260 
648818480038573 0.026283 0.383302 0.721304 -0.576289 -2.417670 0.681586 -3.878695 
648818513540526 0.004994 0.409517 0.718237 -0.562501 -2.393406 0.675523 -3.868637 
648818547042235 -0.013578 0.432690 0.716127 -0.547502 -2.368485 0.669896 -3.858046 
648818585356324 -0.035770 0.457573 0.711738 -0.531766 -2.339222 0.664183 -3.843912 
648818618858277 -0.056334 0.479425 0.707406 -0.516289 -2.311856 0.659558 -3.831797 
648818652359986 -0.073270 0.501667 0.702237 -0.499824 -2.283238 0.654716 -3.819655 
648818685929919 -0.085329 0.519784 0.697427 -0.485941 -2.254189 0.650392 -3.807585 
648818719431628 -0.096880 0.536125 0.693886 -0.470858 -2.223963 0.646114 -3.796118 
648818752933337 -0.109264 0.552422 0.689064 -0.456160 -2.193601 0.642326 -3.784792 
648818786277001 -0.122571 0.566595 0.683597 -0.443444 -2.163824 0.639349 -3.770855 
648818814775907 -0.134313 0.575785 0.679601 -0.434250 -2.138871 0.637274 -3.760999 
648818848292466 -0.148066 0.584849 0.674901 -0.424895 -2.109968 0.634884 -3.751000 
648818881799546 -0.158338 0.593923 0.671082 -0.414529 -2.081335 0.633289 -3.739967 
648818915296128 -0.164998 0.597542 0.671365 -0.406186 -2.053776 0.632061 -3.729113 
648818948946151 -0.171985 0.598222 0.672144 -0.400965 -2.027939 0.630982 -3.721823 
648818982448104 -0.181271 0.602570 0.670091 -0.393736 -2.002712 0.629202 -3.712278 
648819020952616 -0.190027 0.608859 0.669790 -0.380212 -1.974304 0.625853 -3.702183 
648819049451522 -0.195263 0.610032 0.672958 -0.369947 -1.953644 0.622504 -3.695462 
648819083018693 -0.201104 0.610133 0.677202 -0.358738 -1.929140 0.617071 -3.689440 
648819121523205 -0.207407 0.613308 0.678764 -0.346577 -1.900854 0.610597 -3.683771 
648819150022111 -0.209921 0.616929 0.679200 -0.337666 -1.879079 0.605297 -3.680990 
648819183655465 -0.211375 0.621225 0.679654 -0.327826 -1.852321 0.599008 -3.677430 
648819217157174 -0.214730 0.624217 0.679098 -0.321044 -1.824710 0.593983 -3.676083 
648819250732965 -0.219104 0.627384 0.677166 -0.315957 -1.795621 0.590541 -3.669786 
648819284234919 -0.225543 0.631688 0.673116 -0.311473 -1.765791 0.588724 -3.669377 
648819317736628 -0.234912 0.636080 0.666630 -0.309554 -1.735532 0.589030 -3.669108 
648819351238337 -0.246863 0.640960 0.657752 -0.309178 -1.704931 0.591369 -3.668600 
648819384962322 -0.257809 0.643343 0.650743 -0.310125 -1.671506 0.593641 -3.657687 
648819418464031 -0.268865 0.645644 0.644593 -0.308795 -1.639988 0.598510 -3.656794 
648819451965740 -0.277771 0.648237 0.641052 -0.302796 -1.608231 0.603713 -3.655843 
648819485392135 -0.288534 0.651869 0.636011 -0.295474 -1.576237 0.609956 -3.652372 
648819518893844 -0.302565 0.653795 0.629344 -0.291433 -1.546893 0.615915 -3.650511 
648819552395553 -0.312669 0.652266 0.627237 -0.288721 -1.516690 0.619866 -3.645401 
648819586053044 -0.315861 0.651156 0.629157 -0.283530 -1.488089 0.622336 -3.642267 
648819619554753 -0.313322 0.649304 0.634328 -0.279038 -1.459731 0.622986 -3.638976 
648819658059265 -0.305926 0.642981 0.644386 -0.278840 -1.427093 0.621837 -3.636015 
648819686593368 -0.301487 0.638270 0.650074 -0.281285 -1.402572 0.620085 -3.634867 
648819720095077 -0.298872 0.633959 0.653833 -0.285084 -1.373402 0.617379 -3.633292 
648819758599589 -0.296514 0.631437 0.656541 -0.286915 -1.338273 0.613058 -3.631135 
648819791973162 -0.292611 0.631559 0.658705 -0.285690 -1.306823 0.608782 -3.629632 
648819820472068 -0.288419 0.630467 0.661283 -0.286410 -1.279020 0.604646 -3.628314 
648819853973777 -0.285038 0.628588 0.662404 -0.291294 -1.246114 0.600305 -3.626663 
648819887577228 -0.282709 0.623452 0.663541 -0.301822 -1.213052 0.597435 -3.624297 
648819921078937 -0.277383 0.615559 0.667849 -0.313247 -1.178866 0.594498 -3.623355 
648819954555974 -0.269577 0.608118 0.673474 -0.322420 -1.144876 0.593001 -3.624377 
648819988057927 -0.258874 0.599371 0.681024 -0.331580 -1.109106 0.593018 -3.623967 
648820021559636 -0.241585 0.592348 0.691549 -0.335442 -1.072768 0.593796 -3.623384 
648820055194601 -0.225903 0.597004 0.695472 -0.329959 -1.038892 0.597735 -3.626531 
648820088696554 -0.220725 0.597025 0.694455 -0.335521 -1.007489 0.601919 -3.626326 
648820122198263 -0.220278 0.589027 0.693900 -0.350753 -0.977784 0.606125 -3.626240 
648820155699972 -0.218255 0.580630 0.694865 -0.363863 -0.948396 0.608835 -3.626863 
648820189121196 -0.212361 0.576879 0.697177 -0.368860 -0.919961 0.610371 -3.631136 
648820222622905 -0.206125 0.574762 0.698983 -0.372268 -0.891261 0.610647 -3.633193 
648820256124989 -0.203619 0.569994 0.699986 -0.379033 -0.868451 0.612828 -3.637981 
648820289626942 -0.203049 0.563031 0.700761 -0.388202 -0.840392 0.611502 -3.640049 
648820323128651 -0.201003 0.559132 0.701231 -0.394011 -0.811562 0.608682 -3.642359 
648820356630360 -0.195388 0.559227 0.702017 -0.395299 -0.781869 0.604549 -3.644837 
648820390239485 -0.190964 0.560929 0.701955 -0.395158 -0.755937 0.601321 -3.647598 
648820423741194 -0.188901 0.561829 0.700878 -0.396780 -0.726171 0.597099 -3.649887 
648820457314329 -0.188064 0.561729 0.699453 -0.399822 -0.694365 0.594291 -3.650304 
648820490801308 -0.187744 0.563636 0.697286 -0.401072 -0.664565 0.591340 -3.652020 
648820524317991 -0.187272 0.563438 0.696775 -0.402457 -0.634600 0.589438 -3.653395 
648820557819700 -0.177967 0.565878 0.700995 -0.395874 -0.604349 0.587330 -3.655289 
648820596311600 -0.163358 0.575123 0.703759 -0.383760 -0.574967 0.588611 -3.660017 
648820629813309 -0.161609 0.579674 0.699560 -0.385327 -0.551907 0.592423 -3.662560 
648820663426304 -0.173086 0.578749 0.691567 -0.396012 -0.533620 0.600043 -3.664168 
648820696928257 -0.184808 0.577527 0.685106 -0.403656 -0.513640 0.604547 -3.663710 
648820730429966 -0.189587 0.580989 0.682036 -0.401666 -0.493576 0.606878 -3.661845 
648820763931675 -0.186612 0.587255 0.682347 -0.393332 -0.474075 0.607605 -3.658953 
648820797436527 -0.182236 0.587698 0.684803 -0.390443 -0.456936 0.608495 -3.656557 
648820830938236 -0.181961 0.579842 0.687221 -0.397996 -0.441248 0.609382 -3.652763 
648820864439945 -0.184380 0.570888 0.688549 -0.407421 -0.426039 0.609421 -3.648438 
648820898196949 -0.186468 0.565656 0.690057 -0.411199 -0.410686 0.607954 -3.645170 
648820931698658 -0.185777 0.563644 0.693049 -0.409238 -0.394312 0.604053 -3.640980 
648820965200367 -0.183275 0.562847 0.696920 -0.404866 -0.377598 0.598307 -3.637110 
648820998913677 -0.182393 0.560995 0.699837 -0.402797 -0.367884 0.592141 -3.634032 
648821032415386 -0.182439 0.557180 0.701925 -0.404435 -0.351823 0.584241 -3.631289 
648821066040496 -0.181986 0.552454 0.703690 -0.408039 -0.336753 0.574413 -3.629596 
648821099542449 -0.178308 0.545515 0.707115 -0.413047 -0.319475 0.563941 -3.628336 
648821133044158 -0.173110 0.535253 0.712119 -0.420027 -0.301559 0.552641 -3.627884 
648821166545867 -0.166760 0.519093 0.719078 -0.430884 -0.283278 0.540764 -3.628374 
648821166545867 -0.166760 0.519093 0.719078 -0.430884 -0.283278 0.540764 -3.628374 TAG001 
648821166545867 -0.166760 0.519093 0.719078 -0.430884 -0.283278 0.540764 -3.628374 TAG002 
648821199969655 -0.162637 0.502821 0.723059 -0.444866 -0.271822 0.530995 -3.628322 
648821233471364 -0.159392 0.487885 0.724072 -0.460742 -0.253183 0.518547 -3.630248 
648821266973073 -0.153806 0.474564 0.724430 -0.475745 -0.233816 0.505322 -3.632846 
648821300444078 -0.146455 0.463662 0.724618 -0.488362 -0.216814 0.491363 -3.636102 
648821333945787 -0.140364 0.452449 0.723810 -0.501685 -0.197435 0.478296 -3.638950 
648821367396790 -0.132200 0.436348 0.725297 -0.515817 -0.179369 0.465252 -3.641520 
648821400898744 -0.119315 0.424626 0.726630 -0.526749 -0.161092 0.453466 -3.644709 
648821434400452 -0.105675 0.419565 0.725912 -0.534650 -0.144524 0.442889 -3.648209 
648821467902161 -0.088652 0.417863 0.726744 -0.537935 -0.128968 0.433541 -3.651554 
648821501355134 -0.076422 0.416261 0.729392 -0.537470 -0.112976 0.425914 -3.653481 
648821534856843 -0.070810 0.410973 0.733591 -0.536593 -0.099307 0.420058 -3.655131 
648821568358552 -0.065212 0.404497 0.738095 -0.536046 -0.085352 0.414740 -3.656980 
648821601691789 -0.057260 0.402594 0.739759 -0.536094 -0.068452 0.408007 -3.660347 
648821635193498 -0.048758 0.404855 0.738695 -0.536698 -0.053478 0.401966 -3.662947 
648821668695207 -0.043854 0.408012 0.736384 -0.537904 -0.038343 0.395451 -3.664817 
648821702211660 -0.042082 0.409257 0.735110 -0.538842 -0.022594 0.388781 -3.666432 
648821735713369 -0.040678 0.406432 0.736168 -0.539644 -0.006148 0.379979 -3.666065 
648821769215078 -0.041645 0.400644 0.738194 -0.541128 0.011185 0.369671 -3.664840 
648821802740927 -0.043284 0.394585 0.740373 -0.542473 0.031024 0.356553 -3.665088 
648821836242636 -0.043097 0.385347 0.742640 -0.546019 0.050485 0.342199 -3.663680 
648821869744345 -0.044336 0.375873 0.744018 -0.550628 0.071067 0.326059 -3.662184 
648821903281527 -0.047730 0.366574 0.744368 -0.556113 0.094964 0.306747 -3.661912 
648821936783236 -0.050770 0.352938 0.746124 -0.562278 0.117821 0.288431 -3.661023 
648821970284945 -0.052584 0.343993 0.746755 -0.566799 0.141720 0.269863 -3.660863 
648822003892167 -0.052261 0.336208 0.747798 -0.570114 0.167431 0.250878 -3.661669 
648822037393876 -0.048434 0.325304 0.752057 -0.571176 0.193064 0.235484 -3.661764 
648822070895829 -0.043814 0.325287 0.755910 -0.566453 0.218763 0.222700 -3.661922 
648822104490392 -0.038986 0.322768 0.758978 -0.564140 0.242954 0.213219 -3.661404 
648822137992101 -0.036517 0.317770 0.761128 -0.564246 0.265803 0.207110 -3.660452 
648822171494054 -0.033644 0.313305 0.763997 -0.563042 0.288708 0.203128 -3.659588 
648822204895217 -0.031500 0.312709 0.766168 -0.560542 0.314533 0.199164 -3.659208 
648822238396926 -0.030087 0.312979 0.767143 -0.559133 0.339305 0.196838 -3.658036 
648822271898879 -0.029350 0.310607 0.767027 -0.560653 0.364773 0.194213 -3.656567 
648822271898879 -0.029350 0.310607 0.767027 -0.560653 0.364773 0.194213 -3.656567 TAG001 
648822271898879 -0.029350 0.310607 0.767027 -0.560653 0.364773 0.194213 -3.656567 TAG002 
648822305295542 -0.029706 0.304778 0.766733 -0.564224 0.397150 0.187996 -3.654795 
648822338797251 -0.029868 0.300921 0.766669 -0.566368 0.423950 0.183800 -3.653062 
648822372299204 -0.028183 0.301003 0.766377 -0.566806 0.449966 0.179047 -3.652243 
648822405795923 -0.024751 0.301968 0.765661 -0.567420 0.476678 0.173552 -3.650454 
648822439297632 -0.023611 0.300408 0.765391 -0.568661 0.503297 0.168626 -3.647478 
648822472799586 -0.021238 0.306081 0.765245 -0.565919 0.528658 0.164453 -3.645519 
648822506324353 -0.010036 0.312067 0.766659 -0.561023 0.554495 0.160387 -3.645421 
648822539826062 -0.000268 0.319088 0.766810 -0.556943 0.576202 0.159443 -3.645150 
648822573328015 -0.000744 0.322932 0.765424 -0.556633 0.596357 0.160914 -3.644067 
648822606890451 -0.006249 0.326114 0.764318 -0.556263 0.616594 0.162795 -3.642328 
648822640392160 -0.008875 0.334557 0.763757 -0.551968 0.637253 0.163949 -3.641420 
648822674058671 -0.009953 0.344607 0.763163 -0.546561 0.659740 0.163428 -3.639755 
648822707560380 -0.010903 0.349078 0.763292 -0.543518 0.681221 0.161771 -3.637440 
648822741062089 -0.012353 0.353812 0.763598 -0.539983 0.702751 0.158721 -3.634858 
648822774564042 -0.012654 0.359515 0.764824 -0.534447 0.724736 0.154398 -3.631975 
648822808185256 -0.013648 0.365807 0.767448 -0.526330 0.747884 0.149619 -3.629429 
648822841686965 -0.017844 0.370923 0.771178 -0.517091 0.771119 0.143979 -3.624882 
648822875188918 -0.024457 0.376480 0.774984 -0.507015 0.795146 0.138087 -3.619275 
648822908619235 -0.032097 0.384443 0.777390 -0.496829 0.822424 0.131250 -3.613762 
648822942120944 -0.039847 0.396152 0.777332 -0.487064 0.848360 0.125282 -3.607041 
648822975622897 -0.048839 0.411226 0.775442 -0.476653 0.875153 0.119828 -3.599118 
648823009094421 -0.059869 0.426105 0.774299 -0.464017 0.904019 0.114633 -3.590123 
648823042596130 -0.069283 0.440692 0.775648 -0.446498 0.931641 0.110657 -3.579780 
648823076098083 -0.076317 0.455253 0.778053 -0.426092 0.958305 0.107886 -3.568427 
648823109575277 -0.084567 0.467077 0.779515 -0.408711 0.984114 0.106770 -3.556139 
648823143076986 -0.098553 0.475793 0.778414 -0.397468 1.006750 0.108019 -3.542703 
648823176469136 -0.119113 0.481499 0.775810 -0.389986 1.028078 0.109860 -3.528032 
648823209970845 -0.140533 0.484231 0.774428 -0.382141 1.048676 0.110900 -3.511331 
648823243472554 -0.163513 0.492304 0.772770 -0.365687 1.068993 0.110409 -3.492170 
648823276947195 -0.187958 0.507531 0.768872 -0.340469 1.089357 0.108945 -3.470689 
648823310448904 -0.212465 0.527263 0.761078 -0.312430 1.107426 0.107611 -3.446997 
648823343950613 -0.236429 0.547106 0.751133 -0.283860 1.123759 0.106288 -3.421910 
648823377159714 -0.261850 0.563591 0.739442 -0.258891 1.138978 0.104892 -3.395353 
648823405658620 -0.286868 0.577057 0.726189 -0.239502 1.149714 0.104174 -3.372140 
648823439160329 -0.316180 0.591827 0.709473 -0.215451 1.160949 0.103075 -3.344274 
648823472520979 -0.341712 0.603501 0.694510 -0.191510 1.173465 0.101009 -3.316022 
648823506022688 -0.366954 0.613249 0.679200 -0.167209 1.182515 0.099537 -3.287251 
648823539524397 -0.392475 0.623337 0.661279 -0.141864 1.190237 0.098553 -3.258133 
648823573050401 -0.419431 0.634972 0.638215 -0.116493 1.195883 0.098551 -3.228935 
648823606552110 -0.449560 0.645569 0.610361 -0.092711 1.199868 0.099282 -3.199175 
648823640053819 -0.470161 0.650953 0.592587 -0.063639 1.203671 0.098353 -3.168304 
648823673682900 -0.477389 0.653359 0.587284 -0.017856 1.205087 0.096061 -3.138230 
648823707184609 -0.491035 0.657486 0.571032 0.022810 1.205765 0.096215 -3.109678 
648823740686318 -0.511075 0.662857 0.544994 0.049042 1.204513 0.098534 -3.082820 
648823774199596 -0.529087 0.661078 0.527347 0.070341 1.202391 0.099438 -3.056315 
648823807701305 -0.542469 0.652445 0.521018 0.092642 1.200903 0.098437 -3.030150 
648823841203014 -0.552701 0.645276 0.513088 0.121989 1.199208 0.096753 -3.004753 
648823874704967 -0.561299 0.642713 0.498819 0.151799 1.197057 0.095774 -2.980316 
648823908206676 -0.568081 0.641676 0.484078 0.176648 1.194942 0.095086 -2.956250 
648823941708385 -0.574892 0.638834 0.470147 0.200878 1.192633 0.093811 -2.931946 
648823975214738 -0.580648 0.633300 0.460559 0.222854 1.192183 0.091870 -2.907036 
648824008716447 -0.586450 0.626755 0.454271 0.238523 1.191551 0.090362 -2.882270 
648824042218156 -0.592094 0.621931 0.448004 0.248834 1.191924 0.089794 -2.857744 
648824075720109 -0.598382 0.622109 0.434465 0.257215 1.192974 0.090924 -2.833807 
648824109296675 -0.605562 0.625625 0.415252 0.263541 1.201190 0.093164 -2.809458 
648824142798384 -0.613498 0.626598 0.400149 0.266227 1.202622 0.096120 -2.784963 
648824176300337 -0.616425 0.619048 0.400255 0.276759 1.204633 0.097898 -2.760066 
648824209862688 -0.617535 0.612105 0.399021 0.291135 1.210268 0.101067 -2.735964 
648824243364397 -0.624414 0.614211 0.379757 0.297720 1.210783 0.108145 -2.713437 
648824276866350 -0.631179 0.616942 0.357549 0.305211 1.209238 0.114501 -2.689865 
648824310340033 -0.633294 0.613280 0.349265 0.317553 1.209116 0.117898 -2.665119 
648824343841742 0.634818 -0.604985 -0.352604 -0.326604 1.206054 0.119887 -2.638726 
648824377514446 0.636180 -0.600463 -0.351151 -0.333785 1.202519 0.122195 -2.612755 
648824411016155 0.637569 -0.601729 -0.340256 -0.340078 1.198507 0.124595 -2.586353 
648824444517864 0.638576 -0.604883 -0.325403 -0.347061 1.193765 0.126024 -2.559065 
648824478019817 0.640477 -0.604756 -0.314191 -0.354039 1.188120 0.125837 -2.530303 
648824511483022 0.644027 -0.599876 -0.310876 -0.358795 1.182004 0.123463 -2.499799 
648824544984731 0.647351 -0.593389 -0.313336 -0.361452 1.175627 0.120536 -2.467935 
648824578210570 0.649876 -0.591403 -0.314515 -0.359144 1.170032 0.118441 -2.435553 
648824611712279 0.652049 -0.594889 -0.312924 -0.350739 1.165530 0.118803 -2.402734 
648824645213987 0.653911 -0.600367 -0.311977 -0.338572 1.162617 0.120864 -2.368845 
648824678620884 0.654935 -0.603927 -0.316602 -0.325725 1.160615 0.123883 -2.333486 
648824712122593 0.647846 -0.604921 -0.326552 -0.328222 1.159475 0.127555 -2.297423 
648824745624302 0.638303 -0.609241 -0.331684 -0.333738 1.159217 0.133907 -2.263606 
648824778957457 0.637813 -0.617940 -0.329191 -0.320901 1.158427 0.142239 -2.232014 
648824812459166 -0.641449 0.624134 0.327395 0.303006 1.159081 0.150894 -2.201913 
648824845960875 -0.645608 0.626959 0.328783 0.286382 1.160364 0.158222 -2.172457 
648824879694803 -0.649440 0.628987 0.328443 0.273366 1.161949 0.165032 -2.144044 
648824913196512 -0.654205 0.634997 0.319939 0.257748 1.163916 0.172344 -2.116178 
648824946698221 -0.659417 0.642282 0.308423 0.239829 1.165940 0.178796 -2.087916 
648824980209035 -0.663495 0.647873 0.300413 0.223130 1.167778 0.183727 -2.059563 
648825013710744 -0.664775 0.652917 0.294963 0.211591 1.171124 0.186899 -2.028530 
648825047212453 -0.663386 0.656790 0.293650 0.205707 1.175021 0.188398 -1.995813 
648825080714406 -0.660669 0.661505 0.292193 0.201372 1.179684 0.189500 -1.962413 
648825114190723 -0.659299 0.668569 0.284621 0.193213 1.184743 0.191130 -1.930128 
648825147692432 -0.658445 0.675279 0.274860 0.186817 1.189564 0.192889 -1.895915 
648825181194385 -0.658155 0.679855 0.265152 0.185266 1.193493 0.194357 -1.860231 
648825214754537 -0.658407 0.681817 0.257739 0.187606 1.196075 0.196441 -1.825134 
648825248256246 -0.658498 0.677917 0.262014 0.195339 1.198651 0.198689 -1.786100 
648825281758199 -0.660020 0.673254 0.262001 0.206054 1.200839 0.203466 -1.747916 
648825315233324 -0.662196 0.673391 0.246992 0.216877 1.202256 0.212185 -1.713667 
648825348735277 -0.663718 0.678745 0.221416 0.223066 1.203499 0.222914 -1.681475 
648825382236986 0.665346 -0.685062 -0.193240 -0.225084 1.203530 0.234934 -1.651906 
648825415758264 0.668790 -0.689294 -0.172993 -0.218329 1.203659 0.245026 -1.623240 
648825449260217 0.672855 -0.693411 -0.159301 -0.202658 1.203064 0.255531 -1.596043 
648825482737721 0.677736 -0.698808 -0.146118 -0.176042 1.202470 0.265373 -1.570483 
648825516239430 -0.682281 0.703951 0.131522 0.147132 1.202851 0.273232 -1.543911 
648825549741383 -0.686105 0.706790 0.117169 0.126409 1.203562 0.278637 -1.515317 
648825583253185 -0.688479 0.708045 0.104195 0.117523 1.204090 0.281395 -1.483541 
648825616754894 0.688723 -0.708695 -0.093357 -0.121231 1.204866 0.282130 -1.448437 
648825650256848 0.687395 -0.709152 -0.084571 -0.132058 1.205438 0.281046 -1.410684 
648825683685913 0.684862 -0.710435 -0.082984 -0.139135 1.217430 0.278928 -1.377097 
648825717187622 0.684564 -0.709807 -0.085267 -0.142396 1.217512 0.275467 -1.336247 
648825750689575 0.687114 -0.705985 -0.095260 -0.142776 1.216747 0.271680 -1.293860 
648825784191284 0.690228 -0.700164 -0.109544 -0.146132 1.215757 0.268836 -1.249840 
648825817900847 0.690402 -0.694005 -0.127413 -0.159589 1.216910 0.264804 -1.205952 
648825851402800 0.686860 -0.688377 -0.145927 -0.181840 1.216231 0.265642 -1.162338 
648825885078514 0.683452 -0.686645 -0.150977 -0.196513 1.217117 0.268995 -1.122326 
648825918580223 0.684479 -0.685613 -0.150626 -0.196813 1.215907 0.272411 -1.084510 
648825952082176 0.687265 -0.681407 -0.158126 -0.195826 1.214585 0.273513 -1.046173 
648825985583885 0.689047 -0.674077 -0.173872 -0.201503 1.214015 0.271567 -1.007037 
648826019323175 0.689184 -0.666779 -0.185824 -0.214243 1.214573 0.267093 -0.969248 
648826052825128 0.687270 -0.662988 -0.187918 -0.229768 1.214537 0.262298 -0.931602 
648826086326837 0.683341 -0.662262 -0.186172 -0.244529 1.214141 0.256896 -0.894345 
648826119783387 0.679053 -0.663182 -0.183165 -0.255985 1.214183 0.247384 -0.862421 
648826153285340 0.675724 -0.664328 -0.181884 -0.262647 1.213238 0.241780 -0.824716 
648826186787049 0.673862 -0.664786 -0.182553 -0.265789 1.212235 0.236584 -0.786284 
648826220297472 0.675571 -0.663531 -0.181941 -0.265006 1.210963 0.233144 -0.746787 
648826253799425 0.678930 -0.661358 -0.174895 -0.266593 1.208692 0.230102 -0.707273 
648826287301134 0.681559 -0.658565 -0.167333 -0.271603 1.205807 0.227978 -0.666992 
648826320723127 0.685684 -0.651103 -0.171817 -0.276372 1.201850 0.226611 -0.631932 
648826354225080 0.691731 -0.638041 -0.183408 -0.284206 1.197649 0.225817 -0.590611 
648826387650049 0.693905 -0.625758 -0.186778 -0.303376 1.193005 0.226041 -0.546074 
648826421151758 0.692057 -0.619590 -0.175563 -0.326102 1.186503 0.230201 -0.511163 
648826454653711 0.688559 -0.617759 -0.151369 -0.348350 1.177809 0.236628 -0.480223 
648826488233628 0.687384 -0.614455 -0.127586 -0.365609 1.166004 0.241009 -0.457436 
648826521735337 0.691447 -0.607685 -0.114698 -0.373449 1.152293 0.245580 -0.431250 
648826555237290 0.698667 -0.598658 -0.108794 -0.376347 1.137313 0.247771 -0.406164 
648826588680470 0.706541 -0.589053 -0.104929 -0.377897 1.121402 0.247079 -0.392485 
648826622182179 0.711810 -0.580637 -0.098615 -0.382704 1.106768 0.244849 -0.367817 
648826655684133 0.715171 -0.572574 -0.090797 -0.390442 1.092677 0.240907 -0.342431 
648826689185841 0.717552 -0.564037 -0.078946 -0.400935 1.078740 0.235748 -0.316493 
648826722740157 0.719027 -0.554950 -0.067136 -0.412946 1.065701 0.228210 -0.281865 
648826756242111 0.722079 -0.544568 -0.060962 -0.422294 1.052014 0.220392 -0.253948 
648826789797246 0.728558 -0.532156 -0.061095 -0.426944 1.038709 0.210934 -0.222382 
648826823298955 0.737032 -0.517002 -0.061676 -0.430915 1.024884 0.201668 -0.193813 
648826856800908 0.748036 -0.498646 -0.061712 -0.433573 1.010345 0.192414 -0.164940 
648826890358613 0.758443 -0.476655 -0.067878 -0.439268 0.995407 0.181974 -0.135039 
648826923860322 0.759616 -0.453261 -0.075855 -0.460199 0.981272 0.174029 -0.107795 
648826957362275 0.756853 -0.436387 -0.074405 -0.480837 0.967835 0.170081 -0.084214 
648826990392494 0.754766 -0.429126 -0.058580 -0.492695 0.955019 0.167198 -0.058719 
648827023894203 0.752337 -0.422656 -0.041551 -0.503612 0.941258 0.167235 -0.040402 
648827057396156 0.748526 -0.412230 -0.026593 -0.518717 0.926375 0.167141 -0.024152 
648827090897865 0.741715 -0.400769 -0.008069 -0.537753 0.909944 0.167417 -0.010334 
648827124295361 0.732177 -0.388694 0.020075 -0.558955 0.892930 0.164668 0.000364 
648827157797314 0.723952 -0.371914 0.047265 -0.579085 0.874038 0.163925 0.008690 
648827191222974 0.720600 -0.351234 0.068083 -0.593915 0.854694 0.161080 0.016101 
648827224724683 0.719886 -0.329511 0.087307 -0.604619 0.835649 0.158754 0.021178 
648827258226636 0.721184 -0.309904 0.105414 -0.610526 0.817402 0.156450 0.025892 
648827291728345 0.721961 -0.293912 0.126309 -0.613543 0.800307 0.154886 0.030547 
648827325199404 0.718137 -0.280678 0.152556 -0.618244 0.784248 0.154208 0.038469 
648827358701357 0.709069 -0.267260 0.179500 -0.627355 0.769106 0.154630 0.043856 
648827392203066 0.698264 -0.251424 0.201487 -0.639231 0.754131 0.155678 0.049512 
648827425804317 0.691217 -0.224740 0.208029 -0.654549 0.739528 0.156500 0.058257 
648827459306270 0.689378 -0.203170 0.213682 -0.661679 0.727865 0.159999 0.063098 
648827492807979 0.682879 -0.196113 0.234072 -0.663646 0.718923 0.166364 0.066887 
648827526453991 0.670191 -0.196506 0.264602 -0.664993 0.711827 0.175415 0.065803 
648827559955944 0.653997 -0.190792 0.291649 -0.671437 0.703381 0.180480 0.066639 
648827593475002 0.642504 -0.171662 0.302885 -0.682629 0.693283 0.182209 0.067099 
648827626976711 0.640833 -0.150491 0.307837 -0.686966 0.683896 0.183982 0.065322 
648827660478664 0.637412 -0.139030 0.317854 -0.688001 0.675890 0.186895 0.062999 
648827693980373 0.629844 -0.136062 0.331568 -0.689091 0.668675 0.190518 0.060166 
648827727475914 0.619403 -0.135368 0.345601 -0.691792 0.661053 0.193478 0.057631 
648827760977868 0.609170 -0.132537 0.359429 -0.694375 0.653596 0.195876 0.052697 
648827794428855 0.599570 -0.121429 0.371062 -0.698630 0.645347 0.195193 0.046891 
